6207
2921
7481
3456
5640
5748
5708
4671
6489
1152
2553
7507
3768
2971
5397
4882
4268
4640
1625
2513
1391
3691
3337
7433
2932
5550
7560
3648
6765
2788
7864
3064
6402
1376
4044
1057
565
5695
3130
9179
5672
26
1532
1827
8875
6507
6331
3857
6155
2972
8017
2956
7531
7782
1650
8222
1999
5889
4081
5968
5460
6871
112
485
4521
9416
8529
6013
7318
3295
4262
6645
3443
4080
4982
310
1735
8573
7861
6918
6903
6409
2494
4162
8773
2503
7491
4369
6057
102
4874
7816
6417
1418
7853
8763
1654
2766
7329
8611
8476
3317
9446
9079
36
262
1647
4419
4844
1501
7196
2570
5666
3888
1210
2144
7473
9131
9188
6672
14
1587
2048
9192
2484
5007
7979
162
6270
2823
7899
2874
4584
4314
3599
8933
5019
7938
677
6061
4472
5216
9028
5139
4002
3186
7374
7176
7112
5265
8964
719
3171
6446
7370
5410
1249
6787
669
202
7179
7818
3296
5494
2179
3954
6329
3731
7984
1066
1721
4983
809
748
5344
2545
4536
168
6162
8113
7595
5355
5853
653
3407
4775
2249
6959
1216
3499
2456
9101
3908
2485
5001
6035
2198
1156
5951
6942
6305
8345
8310
99
2666
8390
6116
1055
4113
764
9450
6279
3650
6951
4938
1599
7399
3431
2946
9164
4025
3890
2466
6587
5023
2500
6827
3566
7694
9055
2286
1252
418
6712
1380
7418
3573
4027
187
8354
1518
8550
3671
1720
7250
4222
5854
6083
8712
8733
6632
6078
1154
3508
7826
9520
561
7422
8240
6519
5526
4420
2926
4962
7199
8577
8778
5817
2695
5098
290
8751
8330
1270
9466
7406
3932
5827
8181
2175
4093
8987
444
3870
3145
8748
4046
1323
3845
5602
6859
2540
2029
3955
6414
7005
6369
5581
5380
6374
7325
9186
2475
3158
4208
3441
7349
8736
6355
9430
1533
3748
5479
1308
5749
8434
8743
5915
1793
2319
368
4730
2862
4534
2164
855
661
2281
6813
8632
379
7867
2334
2583
5790
7291
1181
9347
68
6683
7869
7705
5262
8871
7868
8470
3956
1521
6186
2163
8689
7682
7720
1098
5593
8141
7871
3560
3950
2380
458
7390
2215
3347
7067
9305
5771
3791
1094
8652
3583
7151
904
5299
4807
8178
880
8373
5732
689
2593
7860
575
3872
8588
4817
5623
6345
3084
9436
6028
1948
8035
4001
7953
766
4692
2390
5937
9429
5552
3495
2662
6056
5717
7031
5949
2137
5500
1804
409
8655
6288
7118
394
933
6010
7217
9067
8932
8794
1447
5419
6941
3907
78
3428
5864
655
6766
643
3793
6393
1773
5600
8447
5480
1838
320
9360
4930
8327
3424
6605
196
5363
1661
2274
4055
1032
2623
5135
4706
5783
1163
374
5746
9547
1129
1452
4585
1542
9463
5264
7088
1054
7009
8491
425
2326
8518
5224
104
8602
7426
8433
4137
8211
6001
2180
9045
2942
3299
4737
6117
7896
3375
7288
7539
897
2496
6125
1589
8685
3096
5555
8628
2343
7281
3394
19889
26032
29921
28054
14108
27613
27208
26179
14994
10298
23392
16660
14203
18812
24434
19100
26433
23939
18430
25349
13714
15836
11746
25244
23084
9695
10432
17073
15208
25996
19087
29505
10022
22221
21761
28465
15552
22289
20899
21653
24248
18465
21023
29340
9877
18409
24604
24505
24724
25287
20256
21964
21626
15068
25228
17118
19421
25056
18225
23036
16126
28719
24320
13561
18926
21504
20592
21337
22207
20602
18313
25523
18410
12806
20839
16727
30001
25149
14677
28753
29956
10760
17392
18047
16500
13915
16418
24141
19600
26819
10181
19709
16113
29215
16363
18437
18985
26262
29003
12577
27731
21663
22814
10480
13175
13992
11646
19903
22555
29584
16576
11639
18968
25956
11421
28073
23748
24665
29897
19216
13679
14808
22236
29199
23274
21514
13913
19033
29433
10038
11135
28944
17708
11299
28896
10799
20327
21784
19913
12256
12764
23905
26653
27999
24468
20303
18013
19633
10800
17148
24910
18222
17175
19646
21952
21516
14517
12511
14523
24395
11471
9596
12891
14139
25091
10864
13925
15789
22403
9832
18125
19256
17347
12847
27005
21317
23877
25564
10905
29849
22341
28622
12180
22572
13025
24592
25346
20344
14709
22505
11026
27525
27622
27266
15980
19071
13117
22312
23415
28878
21073
23997
15827
25438
13127
28013
22004
25298
19679
25502
13371
14282
21852
18393
28923
11623
18138
10115
12363
21541
18080
27193
22658
26729
13063
16784
29159
14487
11321
16767
29585
30170
18469
18929
25793
29566
10050
23611
14147
22951
22974
12016
20723
13307
22623
17954
21384
22384
16701
20049
28478
26795
11291
10355
25421
16985
24247
14045
20862
28910
26362
21529
22892
9919
11700
17485
16138
22018
25178
26121
29818
21456
20215
29589
25173
16264
9871
13101
18165
28861
11413
25130
22874
26909
19095
10997
27751
9891
12681
23057
18854
15783
12120
17932
16082
25459
20855
28825
29793
20703
29639
23464
14614
28635
28791
26214
14361
23006
15636
14765
23015
16550
24553
16321
20868
24294
22602
14292
14527
29836
18336
28120
13691
15382
25991
22989
22832
21220
11772
29596
12645
15380
24870
21206
24020
28272
20632
16625
12818
29764
29079
22267
29699
26495
10190
29983
27316
13350
21686
21629
13637
25044
29501
10473
12394
14795
17331
22235
15120
29963
27053
24273
12245
23087
22476
26213
27392
24022
19486
27173
20414
12469
13965
9861
15330
26478
23750
10436
30089
18346
20199
17460
16659
9930
22378
21425
29371
22008
26421
16002
14245
28063
27239
18401
18319
22364
12814
27110
20924
29681
9657
9847
26928
25532
29506
21348
14131
12384
11576
27932
15683
21618
28491
29975
13638
19888
24829
17320
29984
14228
25186
17703
16093
26797
15981
21590
15845
24276
28884
10140
19310
18394
20916
26982
23546
23250
11533
20085
22309
10254
25874
24668
30067
15745
26028
12060
24569
25243
16754
27309
17453
15877
26713
24923
17657
15633
17727
11314
23360
9951
14850
9888
10917
11259
25350
11449
9647
23102
26589
19894
27024
29970
9696
29004
20642
13233
18832
17440
18866
11976
13635
16855
15448
18722
19939
23970
13005
29678
23707
14992
20920
27516
25093
18582
17490
27492
25620
14508
18995
12366
