6942
1055
289
7915
2867
2601
2433
1507
7814
917
7258
9456
5791
704
6339
4528
329
320
775
2413
2497
5319
6366
293
6009
2125
7645
7044
7565
9231
4472
2419
4711
6330
2918
8551
110
8041
8457
1727
7509
9205
3523
8729
1700
2399
8083
3480
9326
9183
3879
839
3738
3537
6422
2823
444
7760
4875
5750
1238
3846
635
5856
3130
6846
6663
3747
6170
1994
7589
554
445
7172
2456
3109
8103
9157
907
8272
8688
4729
6900
3765
1742
3802
3610
2273
7233
2828
8881
7324
7043
594
6474
8167
1795
5731
9417
7732
4880
7795
2858
9542
5949
8805
3436
498
2462
9194
3311
4299
2835
542
2348
6044
7245
7219
7089
5279
4215
7015
4865
1536
8201
9380
2605
9046
5761
2761
6300
4571
6288
4233
8692
7375
1498
5366
5262
774
449
1051
1626
8651
8717
6347
531
4076
4030
6425
4937
5670
2670
5858
140
1077
8141
8924
8501
9536
8100
4644
1705
7770
14
6911
5287
1811
5347
994
3184
6952
8976
6540
3826
1732
5763
5689
0
3405
5183
227
6220
8417
3242
2550
509
2585
9238
683
5152
7953
1255
1274
5028
1748
7623
7598
7930
2175
3266
6043
3477
7632
1948
6776
4713
2718
2446
516
8107
7562
9261
1781
8779
8022
2909
6316
4947
6610
6062
365
7687
7188
9189
4924
350
208
4598
6682
7060
2711
1163
7016
5263
2591
5982
7423
7232
5717
3052
3092
2502
1218
4183
4439
4305
2237
824
6650
11725
23784
20122
18321
19666
19426
20558
28021
25344
10650
24144
23667
23445
12017
10813
19274
28602
17979
26805
12425
16054
14579
14528
22069
20382
13328
29716
14443
16718
20501
27760
11416
20336
22132
28338
10586
23506
22093
9889
11630
25713
15901
14188
19365
21130
21068
15234
19180
28267
25939
18844
9639
18905
16545
20417
16740
27463
24700
22333
23928
25878
13829
27685
17299
15277
10782
22695
26181
25562
17396
24331
26418
22699
21034
21443
21746
13915
30020
21512
11442
14524
11172
22992
23227
25995
28164
12905
22495
27030
28454
10525
23276
19537
22487
21590
24781
16516
14791
22437
15902
25290
19175
13236
17313
20458
26860
11276
9776
21704
27911
21581
26054
16125
22026
10919
29166
14320
20237
10448
20804
12954
23273
13457
22606
15395
19453
16688
29783
13794
17342
23015
17616
24142
9729
17861
16698
29869
17796
28472
23082
21181
23310
19132
18828
25189
26981
13301
25289
17327
12027
14273
18263
17560
18882
21183
15964
13161
10233
10561
21286
27467
10101
25365
25544
25073
25879
20386
27476
18749
17351
29591
25375
10502
18578
10097
23277
13576
19700
24852
27766
20755
21547
16213
26068
14612
15407
11577
18834
18248
23929
24511
29070
22196
22129
18232
24691
23023
27706
26243
22869
28435
16579
25760
11515
25625
14009
28065
23368
21454
27279
26140
28438
22554
25263
10254
22720
26907
18330
24681
30187
27174
23378
24436
15643
20227
27646
18559
14679
12788
15640
17267
27118
17605
16720
15114
23214
14396
12674
23384
12535
13535
27556
27326
26058
1599
2685
2985
3321
6122
15418
