464
8041
596
1473
5791
1742
3052
7692
6853
6478
6259
8976
1352
2909
2867
1218
3780
2985
4402
6952
8167
4076
6300
844
3665
9326
8105
7016
9536
7350
9189
8551
431
951
7562
6865
7172
554
2497
8054
3499
365
7589
8100
8290
994
1811
5949
608
7632
6425
3436
4055
616
7219
9073
4708
5654
9238
775
86
3311
4924
9205
6610
1567
7444
14
5761
5457
3112
1877
3405
4693
6117
1274
2399
134
6151
9165
5763
208
9157
1077
5218
6044
3211
7949
1599
7351
270
444
0
5392
5511
1507
7853
1325
4474
7232
1163
8887
6911
4385
5858
4644
8144
786
8812
2175
6016
3239
3879
7089
402
8141
7199
5347
1238
7385
1957
7465
603
3740
7241
293
9261
8314
1327
8205
412
8107
6276
4408
5750
8235
6220
1732
8729
907
2591
5831
6942
1917
7044
3474
9005
7929
4215
329
1911
5377
110
5982
9345
2456
260
8717
1717
7375
1536
3360
7120
7112
3523
3588
1592
4624
9052
7258
2858
4649
3321
4395
3010
2720
6288
1727
4201
7770
4380
8201
7908
7760
9089
1509
5770
4947
3843
5165
3263
3470
643
7658
7953
7814
6474
140
9219
7565
3610
3738
5166
1055
3445
2273
517
4299
1775
1748
449
9231
5273
7245
2015
6900
7752
6754
4528
6682
3133
3581
6122
9380
2918
4645
1626
2042
495
619
4169
5670
8805
3829
7643
635
8103
2272
8457
9425
3826
5628
931
2718
5303
3846
5262
3191
7509
456
7795
8208
4711
3802
2413
6622
2864
5028
4865
8272
4233
8501
7732
6663
1126
3373
6316
9183
320
1781
7598
7921
3767
4736
8442
3536
3130
8881
839
2502
7645
3453
4547
6872
8210
238
1684
4158
350
4571
704
1119
1401
2702
8608
5319
5097
2348
683
4980
4439
6062
5279
5197
6341
2252
5287
5033
5731
5755
3815
9085
7295
2499
6776
8651
168
5798
445
9194
2433
5896
4683
4305
8083
774
8000
8834
2349
1795
2670
1018
6359
1196
7623
8102
509
1994
6043
3555
2419
8702
3575
2685
2933
3208
3477
4366
498
4854
6361
465
3765
5366
6846
516
1034
3100
7607
7423
227
7015
8345
6347
4226
9456
2462
2835
5717
531
5524
6124
7323
2711
2077
2446
6650
8692
4348
8178
8022
4598
8455
5446
3537
2550
1804
9130
594
4472
9046
969
1498
715
7188
1051
177
1255
2601
3184
5800
6366
7420
3266
651
2237
5183
4937
4550
7060
824
7664
7043
8779
5098
3109
5139
5480
7303
139
2658
7233
5263
2125
6346
4715
1349
917
4030
2828
8417
5485
8924
4898
2226
3480
4729
1948
675
289
4686
9417
4183
7085
7779
2423
5427
547
3283
2860
4917
542
7687
7324
2392
2605
1964
5768
3242
2761
9512
6681
9542
2823
5689
9394
7930
6330
6009
4880
1810
4976
7915
1700
6339
1613
2999
2472
2791
2585
4713
8785
1807
3747
6540
5856
4875
1705
8015
5404
5152
6422
8688
7483
3092
6709
4116
9226
6170
305
11442
24016
28481
19891
15901
21454
11630
20237
24965
9619
26263
10333
17979
16213
19180
14259
12525
10470
28065
14228
22274
12788
20470
26362
18749
20880
16579
22333
19132
14188
15902
29140
18559
24421
25625
14678
22487
23861
11416
11553
14396
28454
27685
27030
21443
20386
23082
23277
21044
11280
10347
21135
25650
10401
24511
19373
17711
16278
26981
21183
26790
24331
27911
14579
15164
26240
21581
13829
16740
18834
29166
26805
28554
18321
10637
21547
15277
16754
16516
14679
25760
26161
14616
28267
14899
20417
19537
11405
29783
15234
25375
14245
20755
10232
23906
10459
22952
19365
18781
22695
26750
21068
13919
11407
21759
17491
17313
21034
26860
25169
22017
29912
23227
21746
22093
23931
13952
12017
21699
27926
23414
12722
27129
21899
26243
22132
21130
29430
16545
24144
21091
27174
29115
10813
18728
11167
23214
21512
18028
17299
18248
23015
27326
25344
30009
24432
9889
29779
17641
26418
28465
20458
26261
26068
19658
19699
16698
27923
27695
24168
23928
17351
16022
25995
23784
24453
15218
29941
29106
26593
27646
16688
29637
29591
26257
15964
20227
11408
17453
26058
17568
22437
25365
18699
17861
29029
21861
21590
12101
11148
25274
16400
25441
15407
11515
21908
23384
15643
19569
27964
14509
21396
17560
21286
15397
19175
20382
12905
27467
9852
10614
13348
18735
23570
12497
14623
17833
16109
13328
13457
17342
21114
23509
20804
28435
23072
13535
11090
12535
27279
16125
22180
16554
18565
23667
22554
14273
22869
17605
27864
13937
10097
28164
26140
24142
18882
19833
19274
23044
20127
19338
17616
27485
27766
22720
23368
27118
23273
11317
22699
14528
24681
12954
10473
10094
23378
11803
20558
20098
24691
26390
22406
18551
22026
29070
25189
28926
13915
22188
28572
12673
23445
27706
25970
17102
9938
25073
24700
9776
25289
14009
11454
19438
16054
23471
14768
25544
19004
9639
15640
16460
20401
18663
15982
19267
13142
10502
20336
12674
15395
25562
15114
25225
24781
29981
12425
14087
21138
18330
27760
14612
16435
13794
19564
21280
30187
22069
20122
10448
11725
10851
25713
27903
11761
11504
16407
19023
17808
20068
28602
14721
26234
17267
10101
14320
18787
18385
23929
12732
21642
21279
27476
26907
17796
15418
23310
10405
28051
10254
10525
15751
21433
24852
16718
15514
14443
20861
25200
26544
19938
25236
25879
10054
26039
27187
23276
17958
17396
22047
27958
14791
17327
28882
14524
10782
22358
19666
10919
23425
19963
28438
28947
22822
27254
23506
24558
26946
18491
20359
18578
13236
22129
16720
13301
29716
24436
9857
15933
25939
18905
26054
23291
13161
25878
11070
25904
27928
12027
19816
16168
18232
18844
28472
19453
15426
10650
22606
28021
10586
21704
20989
11276
13828
27274
12574
9788
10426
11172
28936
16077
27556
22992
22196
11751
19700
27463
23636
22511
29970
22811
10247
20609
24720
16955
11577
22495
23962
9937
9729
25290
19916
25979
28338
23003
19060
18828
21839
21629
29869
23419
12998
28401
16929
10044
30047
10233
14780
25263
25442
21136
20145
10124
12846
13162
30020
21543
28462
22390
20347
20128
13097
21181
20501
10561
23023
19426
26181
13576
18263
25682