6694
24492
13261
14153
23936
11762
26915
4712
1049
9819
19986
19232
9843
20498
18365
9410
13158
30215
11939
20369
16172
91
1450
1430
5891
11022
15524
6493
6525
19578
10054
20927
456
860
29881
10288
26260
25198
26341
22725
13565
30153
8663
11244
28204
4408
13561
4984
3130
435
24554
25157
15005
17901
13636
28234
18108
27496
27483
9442
20009
21611
18504
10679
15638
23307
26337
3607
41
6648
29026
23263
11292
5620
25230
25048
24989
29509
15145
4184
8189
26772
7795
27797
12564
12176
5961
15399
27458
10210
4147
17445
4971
6144
24856
27079
24870
15885
28099
14860
27373
14633
27306
25856
8765
18146
18486
4721
1239
14440
12178
3195
3105
20888
20361
20274
8010
27637
25649
20680
28772
11346
8216
25168
13789
2989
21203
3318
2116
7944
2190
14930
11715
1668
11758
28605
29834
22349
25465
24300
11923
16257
14519
20228
775
21053
24375
13972
21384
1999
29528
29758
4420
18926
13402
17655
25395
4282
18382
24729
13337
5203
23499
2783
14797
27277
10911
3062
13735
4651
4364
3208
28417
20667
22644
8072
4688
453
13903
5744
9899
18321
4065
18263
20491
1061
9499
2801
26574
23653
7425
15666
2117
18746
11058
19552
6683
1965
6522
7784
16686
23856
15290
23770
24862
824
14726
25927
8811
14883
21557
14554
27504
113
19918
3435
18593
13668
9177
14912
26801
18727
6319
3068
21047
16368
1754
6999
14496
3038
13169
1077
12101
8532
988
4164
13584
13077
21065
21651
28316
23279
20712
25161
18707
13637
16820
18577
23212
28310
25567
8113
1804
19011
1569
16176
22265
13786
17441
6609
20129
14699
26998
25950
30016
4114
1320
16633
263
23082
17858
25522
15069
7803
28558
21380
27396
17178
24660
18414
10485
29443
17880
18871
20396
10531
23844
3251
3937
21067
27154
16734
12017
19956
21084
18793
27766
21902
8040
29729
1757
8154
18463
26413
27108
1139
17891
16166
7466
5077
12228
17273
2136
29337
5531
5961
949
6481
24473
28887
3716
18424
3586
14758
28999
628
29152
10766
17841
16769
5177
14951
19849
12063
25453
4541
13596
7094
29036
5190
6574
12041
21272
6541
19327
5644
26939
9570
27808
6139
22298
28168
2492
1254
29094
11446
10407
5349
3859
23921
17157
6896
2387
8476
9676
3883
24416
9200
12720
15505
3191
8012
4533
28061
21053
19881
16554
3229
5841
28592
14520
25763
25048
15664
9276
29269
113
23434
14544
26269
26218
19737
8544
22759
8379
8910
10203
15224
20491
20588
4757
14292
15628
1444
2823
29567
5878
28147
27238
7347
11460
7147
14377
16935
4217
8304
1421
2746
18157
21416
2718
12329
17814
662
15343
9259
13371
4592
7728
17012
25727
6694
14616
2756
14498
18888
24612
26246
8757
3657
12635
20893
19703
29669
2476
21600
25949
26903
21463
29300
22199
22500
25490
3021
14831
28835
7582
2580
16264
22072
16257
21847
19558
29771
15774
4530
8625
13760
20634
23238
15727
1990
3857
19424
10695
27084
2381
27185
15657
11754
17912
6157
13694
5269
4346
17916
16015
10797
27397
6024
22453
27692
1790
29548
29319
11129
28326
7273
15559
10872
18873
17450
2160
5506
25101
16063
28328
17945
10375
10813
19977
11213
14471
1297
20641
2699
14122
15994
28426
28441
28517
30157
7579
28524
18078
19124
7668
5527
3801
1346
24474
2219
6147
6300
19659
18308
6946
26746
22995
10881
5336
23331
6642
15915
25213
10039
18462
1246
26914
24580
18630
20340
9129
21982
535
19446
3769
26887
17689
24444
15620
7765
15621
8931
22855
15305
25328
29532
15724
23207
27875
20998
14187
15036
21647
4197
6491
13217
3551
1685
1590
29352
22375
21496
25488
30117
15650
11628
21279
24723
13088
23561
5731
27483
24626
24008
5288
12599
23293
4846
5484
11014
25051
3499
12097
9018
29684
20102
10481
14121
1940
17919
17762
3624
27687
1498
19954
11255
3275
12642
6160
28130
2551
23255
1158
16809
23644
19267
17216
6838
4087
11953
15540
8439
12120
18849
21910
1161
1407
22526
13421
26274
13256
22798
16618
15124
6437
4653
26342
21110
29389
8705
24216
3669
16709
16594
25899
11092
2846
30053
16832
15953
6614
18480
3528
22314
114
5037
25552
11987
15320
6686
10328
26623
17548
27096
13678
13008
7584
25915
11755
24185
11780
25633
12724
3985
20138
2907
22295
19174
28269
29070
2501
1784
156
19606
830
25457
5065
6785
1538
14700
17156
22346
4663
15559
3776
12032
4534
10580
5251
18588
1422
5476
20985
12124
17110
5108
28506
28628
12184
17981
24247
9593
18675
14817
14472
19628
4829
18153
28246
11925
8387
22833
3409
12157
15957
18701
1665
13113
24442
24607
20313
11585
7589
4499
20154
19779
5943
24931
2686
25145
20791
2147
2495
9205
25821
18012
5322
22350
28561
29040
19503
6322
23911
14013
23135
22863
13261
17504
10862
28525
11636
15497
20311
1983
8869
26263
1958
7810
9860
21351
29148
26742
21578
24277
9950
22040
25051
15193
10173
4024
19594
24463
21450
12018
28420
15807
11292
29416
5412
5240
18692
19164
12292
24340
8265
14414
20810
25181
19847
23153
28090
11198
6212
23594
25510
18642
25485
9493
12691
12996
24901
21877
10444
20955
9006
24876
12804
16511
28682
27182
13209
2199
24912
22010
3863
20387
624
18343
26688
19545
8933
24054
6330
16877
30149
14718
17282
11238
17344
3038
18996
26631
6882
22717
16077
21817
21923
28979
2429
29843
21954
13226
15038
9492
10543
11437
25183
2615
14219
9733
13169
25016
13938
12215
4372
4434
5527
22778
6691
16359
626
229
23398
12747
6937
27847
4490
28780
9532
23438
12905
9056
241
29374
9827
13399
11687
22750
29680
25379
29445
24088
18886
8819
20972
11477
979
10583
23105
24722
2921
21058
9080
25980
17792
20521
14030
13357
1445
208
3761
27227
14886
276
20400
26722
25386
16604
7538
22570
8277
29926
8675
3593
15799
26633
8274
22949
4893
4329
23011
11313
18077
11696
10039
10502
25782
3184
5530
26444
14311
11394
22128
28170
1002
30152
15225
29490
13484
5755
15966
28775
13465
1117
4850
11493
4378
272
5708
23226
22194
6979
4623
29274
3795
7199
8124
29701
25456
25901
350
21304
26263
21689
7558
2662
2911
23150
16525
7141
29540
23125
20682
29616
5320
8428
6264
28047
14156
15616
4334
5385
24202
23591
21019
3458
6153
11122
13155
27359
17132
26797
11638
18511
5762
1455
25640
13685
20103
19724
5747
9097
22666
29548
17374
22928
25670
10259
29627
128
30214
6415
13335
24660
2079
22572
23503
30018
7154
1265
24565
400
15456
16741
2098
7522
21797
21098
2050
21183
10377
22896
24438
25454
27718
14964
12588
30131
29360
67
22633
24898
503
23303
13180
209
9536
29500
910
22679
27715
24043
26771
14905
8249
7872
10419
20601
24173
26318
15257
29758
11996
22446
12723
27571
30051
6119
25718
28006
17693
15415
7369
10605
7936
253
19492
7955
12719
25032
17850
23791
15342
20422
26385
2124
15330
16599
10041
19504
21852
28280
16990
11606
5759
13318
4124
20460
22697
7217
27300
18183
15894
3188
21457
1970
12923
21045
286
3072
5829
4673
12064
10553
9219
8289
14526
12307
15999
2736
28129
1559
4533
4199
1742
24602
10172
16391
4060
1517
14229
1856
20658
28086
3567
28454
20273
6617
19927
19594
10074
23717
16159
5883
4690
19850
24809
7850
30196
21441
5406
9260
11828
3700
26074
15789
28282
13768
20874
3799
1322
15108
29937
3791
29970
9885
1339
4885
1093
16419
14515
22487
29855
29178
26892
24176
24453
28810
27648
2661
2691
22262
2486
17555
10475
21660
16200
29539
25940
5707
29462
18452
26375
26137
9165
14867
6084
16073
1535
9758
24933
11929
17608
22722
7642
12158
7124
3685
11042
20199
12696
14904
9186
11121
25710
5082
13249
27435
14744
20041
28038
9203
2926
11751
12240
9018
26145
29183
302
13338
16659
7483
30135
16519
21302
8415
9419
7676
17246
14350
21195
8693
18024
12259
10884
11972
9092
9719
3383
19139
10267
3578
27382
17296
6057
24182
6489
25991
21759
9843
22523
18154
3645
15086
14707
24457
1453
10697
18317
16258
2659
10523
3180
11537
464
19656
25739
11053
8023
25451
18793
18299
10948
22368
14119
28030
21228
27634
12772
20083
10443
6728
2771
8781
29749
26928
12930
11925
10779
23683
5635
228
18915
23838
12070
22676
6618
16673
10692
20523
518
16754
6929
6934
13841
2917
14421
7372
25101
25887
6029
26984
19714
28296
2962
21391
8165
26556
29653
19376
5124
17532
13926
20871
10597
4645
27117
3512
21438
20259
13834
2042
14927
28158
16426
26476
18506
547
11243
19967
14585
3668
2028
18706
4148
4654
11798
7097
29611
2786
17173
11293
22061
406
14987
29061
19997
2654
28590
827
13865
0
8063
12887
20250
17797
17242
6919
27003
3990
22044
28620
976
16338
11909
13798
19678
1793
12915
6894
557
26840
17683
12096
19828
12872
1329
6890
23222
12495
3983
22297
9146
16376
16229
14802
20062
15760
28352
10559
12875
18518
12247
20737
17249
13857
716
10564
22477
5710
26548
24169
18989
10672
9607
25786
3525
14272
20821
14489
22150
30050
16404
16880
17736
4232
4778
28481
7849
5809
27579
28166
22532
25532
11341
12797
5783
1172
4093
23270
25413
3856
24846
18790
11284
4713
13795
224
23555
27130
20212
28388
18110
20282
24665
11583
19660
25088
24155
27692
1893
28320
19047
14937
17997
10727
5760
27048
21033
11537
21355
27478
9845
29066
30058
9244
15901
10167
29005
21660
17314
4273
15693
21807
6769
20437
29217
15963
23790
5576
16158
17625
22255
23196
19062
6342
9525
14195
12152
8675
28099
9235
21719
22358
28002
17583
6585
15831
19538
2743
12612
7515
3485
29934
13355
17643
15762
6811
22171
4246
10423
27162
14417
13751
21759
26532
1215
13589
914
10970
21467
3357
18978
10490
14666
28849
21699
19723
27259
10639
29065
9862
5672
7882
4655
16141
19507
7197
8604
10246
13173
22801
20645
13424
17036
14512
16454
6948
6307
6507
9266
28140
29525
25491
15981
15594
18031
25593
19106
4775
1048
9171
4043
1973
7663
16187
12561
27207
18826
23322
5099
16801
2331
29120
10044
3152
8067
17815
15693
1167
25572
20850
6575
15500
25348
22474
28875
6127
14646
24667
16203
14313
2103
29966
9555
10042
23285
2719
12174
27745
1450
27209
4397
27982
26488
24735
23450
16378
14316
29528
4313
15072
17290
11549
1080
26555
21180
16240
26793
20
25594
4432
22193
16659
18304
26033
28069
2972
28932
22585
28691
30202
7226
20420
24325
2086
21999
15764
7699
3945
11975
11728
14134
7166
9027
6608
13721
25009
28816
1571
12924
16016
17627
25101
11436
45
12086
11610
5505
26489
23835
24147
19580
5376
1735
29173
19606
8304
1983
7534
28751
6126
5263
8262
3999
278
25294
29343
9344
28696
1207
14614
29141
970
19561
27432
1649
9293
27722
17272
575
27106
9821
21904
924
7787
8598
18986
13405
21550
28607
2627
12736
29618
16404
8374
10902
17405
21229
2780
2770
6293
20942
13108
29779
319
14850
16952
29583
7079
22715
9411
20309
14006
23385
2629
23720
15607
25710
19249
446
2084
7463
22779
15387
11845
11629
12162
26222
7393
8658
30111
29258
20409
11798
11603
24379
12294
4751
20306
27270
29250
13353
22166
20762
258
25114
23833
7319
1839
16249
11132
8951
25721
25048
26430
11039
13127
11605
20038
27929
23488
11169
5761
28543
16504
29490
227
9548
28274
22535
5247
634
6715
16610
1690
2673
22403
11647
9388
14920
6801
18688
11049
1896
4350
6607
7489
8268
4636
498
21129
19672
10220
29731
19100
7361
17615
9526
13123
13500
10655
22544
22188
26087
13867
11899
27056
6878
14874
3862
25601
29907
4998
7536
12729
15229
1199
24326
24109
3610
7881
14649
29202
15274
6631
27348
10534
18108
14873
27619
17186
17993
17153
14669
27804
25725
11949
24897
16985
8849
2366
14821
9450
7130
12856
15430
11341
15456
17757
2771
28650
1728
26425
14661
26119
20431
4507
26640
22223
11901
29291
1269
2271
20293
124
17169
2846
5185
19164
11342
1819
18866
639
21275
5901
14328
25916
20193
16064
3347
10136
1486
5860
25232
24927
22504
22683
21631
3110
28130
22444
9118
12761
18710
12837
22969
15019
28591
662
2048
25806
4322
27960
29731
20910
10576
23402
5408
24835
9712
20552
2687
18512
11054
25572
17858
8011
11525
30197
795
5186
28248
18316
29543
5033
15855
29060
21256
1632
18051
27802
27042
19380
28972
19055
29650
16671
29490
16577
24092
26277
11999
2885
26961
29751
5433
11457
4419
26818
4732
450
15093
27316
30009
13201
18883
20182
5719
1632
26915
5212
24102
13606
7028
15180
24205
20961
6461
18886
15714
6371
13612
2595
4281
20952
25751
29561
28022
11891
26893
8641
4260
29434
7448
27669
18407
11270
8431
18458
6063
22126
25808
8435
18489
26983
27691
13826
16538
8623
29985
27387
25221
15433
3163
15633
27644
21742
24662
12933
3941
27976
11759
29496
19192
21726
19328
15425
28403
16303
13058
9258
369
11815
4831
5028
23550
30009
21321
24239
5277
22988
13487
19041
26096
19804
2704
24864
24381
23643
13249
22500
5043
2132
3514
4234
16059
24442
4132
10702
18036
20695
16636
24088
15600
27187
1883
13212
22173
15071
4048
4333
26259
26188
7730
22213
12810
2799
9997
22315
2628
655
11511
8850
1558
8490
15234
13538
25604
16468
5600
9368
11956
9448
9748
6684
9450
25935
2166
17805
28637
22328
2296
3300
19313
19469
15199
22921
7361
21386
14547
9038
7750
27195
2095
9170
28300
14346
1205
12591
21730
18462
22530
15022
3065
3276
22609
1767
2816
10408
27665
17211
2686
6073
24526
23904
19373
14232
13168
22122
11006
23192
30206
26279
1071
21349
28296
28970
15070
16310
25433
17836
6154
23374
23530
8414
11122
2999
11160
17705
4590
3456
14587
25337
24857
27777
19704
21700
18719
24780
16903
15170
15043
16710
19656
13502
28623
29679
29825
29847
24283
27579
14699
27494
26886
9494
28346
13102
14605
23593
8292
12365
7650
14766
28664
19002
28672
4508
28923
19432
22623
16455
12258
11274
23973
13152
2718
19912
15677
25388
25689
1015
22966
9202
1949
7441
7873
27805
22279
29182
8913
13513
2660
3317
11392
12740
24764
2426
11274
22400
28155
1878
25107
21183
1672
21551
22964
7546
29864
3728
6413
10239
19962
29769
29154
2280
22035
17040
4170
6071
15324
20916
15653
9864
7458
205
12488
5822
23424
11378
17622
7625
27012
24412
10747
29716
3541
7740
16284
12000
2906
22129
27668
26599
7647
5614
21067
28175
3841
16553
6714
4057
15585
22075
5580
9049
30196
24898
26319
7540
14932
25618
12345
19645
25283
29472
24374
19550
26754
18604
15149
13500
4944
20934
9321
20795
11128
16183
24907
26311
28475
20283
4881
8656
18093
15010
20880
11496
17958
7692
7719
22849
17397
14652
6654
30115
23514
6382
13492
4682
12598
7864
29638
24241
17326
29947
13826
10230
16791
26249
12512
17367
8602
15534
14049
29548
4231
3224
13622
15964
14498
25524
16154
28078
12447
13869
24744
28328
21393
1657
15024
12195
29186
7917
5906
9729
9141
18345
11563
950
25230
27757
11701
703
738
24220
20995
1032
27001
4745
10122
8860
5294
19772
7879
15502
17131
7032
22737
29407
10277
29934
17928
23164
2920
22385
22684
6653
2868
3531
16045
15479
4493
4423
27694
16070
15810
17156
8450
25790
25042
16763
16526
21644
3493
9338
11851
6310
16781
1215
18528
22677
3348
26435
25219
8317
9582
12325
21218
8296
24696
20938
23070
26159
14630
23456
8138
1462
18791
20418
17453
28654
19133
9419
26611
19395
327
22104
8582
10659
28495
19830
20033
6611
9187
23986
28873
29085
17618
6908
5448
27243
26167
7483
24337
2362
20013
15513
15242
2030
10696
27108
28717
22423
9114
11155
1513
28283
22211
17914
13593
19365
612
11400
28461
14466
30205
10195
23013
29333
1089
28777
22738
11680
9413
10585
16068
24452
23014
20814
29614
26132
9690
20055
9078
10839
8653
21035
12416
17119
14048
5000
28091
11334
21209
13028
677
17060
26287
28485
24729
8163
12799
13769
7087
9932
2432
27496
3438
15158
16869
30218
7192
27784
9324
16267
8513
6955
452
10265
7733
1860
20515
2081
22070
29608
19124
2753
1015
10528
13280
18179
3072
11787
29775
15249
29861
7667
22973
3002
5679
17088
28281
29197
793
4
22027
29980
28800
20032
24934
54
3140
25850
8172
17774
11119
4969
23069
9844
4824
7560
27908
27099
22813
26496
18052
6418
28002
26777
17901
370
13489
19074
18122
16811
101
8948
18267
19142
23337
13238
20682
18035
19741
14898
9025
29563
29277
15166
11264
9781
8360
12499
24230
14658
22330
4194
14456
26546
793
6545
9328
18541
18586
25025
28726
20292
28172
966
3995
25116
6333
16862
19640
28958
3572
25029
1433
10476
27534
8196
20941
7951
2322
16744
7763
7997
16088
22920
23732
33
25397
5828
17634
7217
18609
10363
11224
14121
11236
14510
24565
10942
19068
1832
29971
18829
5118
6794
2587
20199
13235
9559
4644
7765
7413
28597
28674
10979
16709
18013
11337
9602
15494
22339
6316
7754
22477
14651
3339
16509
24194
8207
22110
25681
30095
27760
5544
24764
21500
24838
17432
15639
3164
4644
9289
24190
11442
11466
28887
5878
25627
26970
3431
18590
3224
6045
5347
10348
27280
25575
4518
4504
2794
14937
22524
23510
25682
1564
24721
132
28523
16122
5196
11725
5034
13190
10455
22410
5323
13244
25918
1246
2654
27184
23066
17789
3033
28745
13405
29151
5581
19400
15152
10967
1591
21825
11443
21841
17833
3485
12974
28926
10949
7707
8732
10640
30095
7280
3748
30109
3133
13716
14356
1173
20618
11713
6847
27313
14992
9792
30086
30194
14068
25224
1076
15572
25673
3554
10695
5848
6811
9506
9888
18443
12941
9611
25458
1231
2345
29485
27569
27551
26890
14867
2106
29643
23420
6680
18760
2655
21296
15240
4249
27045
23602
1760
3102
2811
3205
24860
465
25921
29971
16784
997
26991
1345
17781
28067
14188
6886
23670
2275
5614
26135
23801
19499
13544
22825
6115
27669
24660
18521
25984
29767
17454
10095
8606
8035
9677
29764
6571
11481
28412
19262
22881
20725
4407
15738
22891
7865
5035
1611
20191
5684
1004
17896
10413
4980
6069
7403
10427
18679
13221
5404
28389
25596
779
28066
27666
24894
2804
13098
3259
5334
26121
16962
9483
8884
25687
5971
28495
25781
21857
11079
24961
2838
1024
5137
4420
14890
25100
13197
8605
4428
2482
25027
16674
16089
19944
16065
28474
13281
27782
28718
9742
26655
18699
19395
20928
13420
22379
1317
2366
8034
23197
3889
12671
18610
1110
17856
74
8809
7511
18142
561
2307
20838
23435
21551
5422
245
10812
23085
7558
26919
5797
80
8935
2980
27270
17026
25805
29906
27698
21216
9817
5195
20131
4545
3148
8479
27701
968
17907
2407
1036
2013
22512
24912
5689
4618
9705
10473
15516
11211
18475
25740
24909
25323
29446
18120
5975
14710
5467
17423
7661
19471
24640
29420
2765
24524
20832
6672
20395
28705
5998
17882
26705
19351
4258
8021
30033
12111
1812
19189
25895
23135
15750
28060
6168
28090
13194
9097
8890
11526
14038
13571
27370
17359
25552
10254
23693
27262
3383
14841
14545
241
14518
14203
10794
17822
25793
23692
26821
27902
25269
20471
14029
24617
15878
18423
62
5732
13482
14146
3140
6463
28659
8503
1707
29202
14084
14714
14228
10691
13690
9260
24450
27400
4151
28018
3891
22162
15807
27845
21849
16151
18515
1500
8286
14161
18126
3845
3991
9795
28319
21910
9216
29869
11693
205
3891
19147
6446
26753
22664
24049
2878
23727
24033
12383
19152
808
10617
11161
4625
8927
4085
6607
19807
27920
23285
19275
25869
7034
18512
16267
18505
11418
10949
28460
1662
29573
25718
13420
13213
26288
20384
26188
2510
8232
29348
24879
16897
15643
15838
8798
18021
4338
3490
29598
29635
9547
29852
7483
8286
4778
6237
3409
4478
11155
121
18474
4732
5870
23921
3
11035
24457
16908
27609
29395
21650
13658
5537
28860
3528
17014
13226
20822
7157
23110
18050
10987
3104
29786
20232
24089
20521
29605
11618
3009
5086
23705
1358
12936
21624
14424
29901
13153
4731
5219
12610
13349
22433
22295
2900
27061
19781
14668
13942
19769
28017
8816
27027
28115
7640
5691
6559
11819
5822
23885
12196
8049
28800
9741
18336
22119
14020
4636
6369
30059
11805
18618
16922
20527
25326
29454
22663
29555
5910
23454
15543
6958
22925
1465
8175
11563
13498
17941
18150
4110
8739
1303
10283
11930
11500
309
19755
926
9564
1034
11453
8347
11903
24148
14757
30060
12071
29508
26159
16000
10319
29126
27991
9814
12997
17646
793
7944
1505
1790
3129
2502
5389
17064
22613
29053
8069
6415
27590
9989
21778
9732
16055
26399
19819
24867
20961
3097
1735
15819
573
1393
3399
3428
12806
28419
14409
7721
11807
3162
27064
16652
8279
17261
26451
7533
20824
16969
20134
18054
22043
507
29828
842
14574
1645
24207
8421
17596
13786
1685
10758
4323
1457
7079
13932
18142
9907
1103
23712
10128
693
23973
8784
8307
4070
19106
28135
3515
6450
14447
7775
7141
1571
10064
6257
4463
22707
14492
6873
13782
11785
23710
1876
8901
4476
16360
11711
21044
17051
9509
5973
23445
3082
3801
16212
24961
28545
7461
14897
15617
17623
12917
27552
25182
17734
1801
23131
9831
27297
7504
19597
16651
29280
13806
13964
29213
17638
20675
3618
19213
27490
5556
7745
13864
13538
26031
20247
27378
2758
18745
13578
18823
297
28688
29904
22003
614
26441
1590
7873
11937
28987
13899
18138
29643
25849
18779
17288
13042
26207
29687
6633
9885
25749
5519
26495
18200
24956
9368
21495
19475
26301
13932
26832
2245
18670
14141
27866
13594
28082
22140
13025
9627
14329
20651
28759
20167
18343
715
14447
5201
29025
15929
25913
7094
11877
20558
3338
18821
18673
26532
7909
10249
28215
7858
6030
26414
22682
1484
14210
4154
8484
7857
2511
27377
8790
27465
10683
7616
27350
21145
13036
24601
6641
22755
27993
24843
10509
6149
9545
15446
21264
3062
6916
12344
12687
23719
19504
18142
9963
4957
20865
16409
238
16574
12724
9091
6618
24169
18902
29183
25297
947
24546
24762
12501
19581
8900
3663
7066
10725
18980
8502
9257
18775
20078
13091
26943
6334
2309
15753
5619
17176
23061
16900
17209
19064
29198
27651
3938
28161
13324
19548
10833
1271
17673
2671
1882
22615
6907
13076
27790
26884
25156
14894
17238
19797
24750
4419
11805
21153
25352
27612
22597
28860
17966
18329
15797
9690
8264
25589
1494
21269
13640
23463
19727
8248
27802
8956
2390
24251
17129
4756
10321
20768
9539
3571
14799
6591
12968
16340
26476
13567
18475
7143
806
29838
4178
4753
23892
18205
1700
8882
13875
863
14972
26784
24318
12153
10931
28083
9143
24622
1101
6912
26374
21409
16053
28850
6892
6936
20780
23354
25033
9742
677
24622
7081
2490
8824
22336
18142
1092
6661
25159
13064
11735
2748
20892
29569
26785
4024
13159
13167
6396
15475
15818
10112
5369
24508
1118
748
12399
11723
27094
12263
22505
2985
1946
27323
12030
6025
9229
28376
20055
16076
681
25109
14896
25575
27490
13769
26967
15769
20844
16609
10725
4805
3120
23571
23877
10928
23035
4458
12730
24963
8805
24676
12550
22321
15619
247
28994
29960
22873
13569
11189
228
10322
157
22684
12002
14786
13658
18470
17209
6500
14647
21281
2066
17451
25818
20027
9982
19885
13657
28930
18700
5140
1036
17688
23327
14744
19624
15572
5945
26784
9424
28794
29315
12761
5307
7052
7319
13416
1862
25388
9643
13443
10444
7425
27786
26741
7665
1188
3263
16904
21436
9576
11284
27828
6917
2958
28599
29276
29848
17723
463
28207
4273
15166
25973
4702
21603
5184
30203
19806
3266
23789
21896
11398
17402
29410
253
20881
25650
16538
4276
27372
6664
12004
20813
21974
18246
611
2284
6276
25371
11355
11941
9414
19365
4586
5314
11202
21735
28872
16862
27827
5973
30062
27806
8898
29871
10787
12923
27817
17505
13502
4022
17521
3625
17786
6857
9294
19491
23705
26983
16286
357
25097
9872
8795
8047
22996
20975
24335
6097
10718
26941
1090
20658
3144
29888
16412
2032
11794
19208
1126
18149
19281
1877
29503
2022
27245
24367
19623
26992
19562
15442
18570
744
27683
2322
3875
12447
18289
24388
17956
8370
28440
16374
11831
13560
22270
11399
13303
17803
6051
5128
1917
17267
29126
7312
10352
16555
3843
23726
7057
9256
21760
10317
14820
8501
25690
22124
28097
9237
15206
11847
7951
4736
19863
25063
11431
21292
21616
5647
9195
2568
22884
822
7012
12738
22367
18263
18895
17932
1010
3313
13669
20626
23070
14006
1637
2507
16972
3341
8325
25850
29764
21046
6507
25341
3200
21796
4527
28541
8319
12157
26149
17411
1021
20967
27659
29336
23207
13948
19220
24369
16137
27540
25998
23728
24751
21955
8109
13772
28663
4184
4837
365
12133
16606
21487
353
2397
26643
14694
6359
27266
13167
27505
11188
28081
22934
27473
23141
18797
6844
27696
7231
4227
16165
2570
28829
29878
15037
12198
27358
8739
15793
22276
28843
11263
31
6940
14240
15689
877
18733
4663
1265
18190
26565
948
23905
26698
1343
26011
19772
16220
17492
11936
25488
656
3186
26385
2057
22080
1509
23460
17960
23961
7281
4675
13550
20225
21516
8616
9653
15155
11011
25542
16113
11917
18718
26774
4092
28078
8585
17032
17943
17081
5524
26841
9287
16653
10645
7549
20024
214
14396
16852
2760
26809
18339
509
4172
6880
11957
28073
18217
6219
27495
29763
11933
24883
6727
6015
14173
11857
18721
6919
28094
936
6564
19712
27823
3418
21673
14042
1451
21452
14633
24558
23391
8367
26613
22293
3407
30130
15742
1855
14684
7529
20455
28422
13587
13883
11413
2269
3591
27744
10274
10017
11548
22895
22015
17590
2772
831
12057
5623
20957
93
23844
389
25882
1266
18089
17216
22241
15058
3543
7532
20902
5078
12137
27559
14720
30025
3474
10769
23608
4580
29635
325
13151
14451
11738
13958
17214
21762
24847
5342
24869
952
4913
10642
3650
23332
15017
17554
14144
29393
23293
8891
26094
24679
26690
12409
526
13372
26727
24580
104
28904
18751
22356
23120
14291
17944
7522
6364
1418
2430
12920
4274
1812
4809
12444
15212
28963
1658
17453
25790
22777
26688
4319
11938
27953
10314
2162
28974
18504
15332
6061
11598
21445
5229
24648
14974
8036
5994
27557
14744
29814
6897
23158
16805
29773
21791
15496
21145
17490
3942
17756
24603
5002
23401
18909
2173
27471
19238
26809
15436
26264
10885
2463
11569
10727
14371
2006
17329
12348
19747
25777
26958
8284
8925
13611
16308
26123
28685
8179
27573
15577
22872
29321
13002
20894
3875
8049
25160
12362
21598
20421
26975
15532
9225
29598
15655
22542
17308
20426
15038
1784
14400
20188
9855
15676
16280
28618
18393
23781
27996
19704
20526
17995
6263
27380
18
21338
9324
6126
15780
22923
20098
18573
29622
17387
11606
25825
29844
27655
11181
28680
21682
294
16956
29832
3470
19226
26537
19959
18440
21209
10593
27783
21638
11272
30176
19696
11605
13086
76
7656
28514
15737
13736
10680
4964
26369
1205
7279
4408
11369
3347
9789
21186
4446
25572
8208
28394
6781
1756
15647
28818
11684
29371
19863
20336
17028
10982
29818
26415
7818
8832
13029
5947
2617
19219
13110
22704
3383
6936
28600
11157
11623
6478
27311
18039
5301
28992
13073
27610
11794
113
18261
27628
29894
9087
25819
21476
13493
22849
22476
17074
26665
3049
25275
1372
22813
29121
9226
28651
6042
12170
20888
14354
1207
28689
14040
25580
8744
26825
29080
24764
14875
4458
11210
20268
27268
27149
13717
19724
24229
6396
20814
5942
1256
12982
11475
24924
19863
28233
23661
1766
1312
4310
8765
29790
8336
19957
21762
19453
6265
29651
21276
20033
6615
16893
8722
27069
5915
30124
29467
2509
15643
21711
16504
24401
24747
23828
2296
27771
16702
17034
10962
14930
2857
1767
24133
26869
9962
26338
29046
7818
29091
21448
19017
26671
7675
18156
11497
20180
23931
9429
22123
22030
17153
4371
17484
11453
14334
8739
9524
920
1861
973
9090
11817
4586
29780
10933
2683
20866
14915
3745
17836
18908
18754
28857
4848
2402
8473
13594
9
27105
1985
20839
19905
14442
17625
14789
5053
11369
29581
28035
8612
21857
14158
23752
22079
21246
2589
23262
26156
11540
7960
15102
610
5075
14071
25879
27504
28693
5591
10091
21733
28755
18816
7015
8546
25297
19921
5410
16189
4459
27380
15421
20450
26319
10578
5948
7042
26214
30171
20412
9816
18545
576
5871
14088
17724
4232
22298
2943
21317
6826
5651
27317
9979
15282
15562
8975
15468
6925
1602
20629
11639
26682
20348
18696
27984
22306
11914
11751
17740
6592
18684
15233
29253
14818
12827
7287
22282
3513
10874
2285
2144
24289
12901
19332
12562
18263
7298
22827
22319
2598
8564
6495
100
12706
1223
2199
27012
26322
22818
9933
25559
12167
22237
7186
26432
19116
18022
13531
21598
168
7849
16901
21110
15644
11089
11006
25840
16908
3139
15908
24136
28927
21273
6832
22711
19109
9840
25526
27246
28024
7212
27923
22148
15150
25926
25272
12992
29489
17364
14117
9083
27530
22611
22554
24314
18952
11108
14781
12814
18130
28770
2269
26773
5836
22294
11019
1742
13126
8190
30089
23308
6158
23458
24467
24784
20259
12741
19018
3073
12258
7824
14264
10863
8323
23502
4596
19974
26631
20309
20701
28168
3716
12694
28779
9087
27306
29418
3137
20297
29193
22658
25514
14857
25542
6103
9216
24557
24606
26591
1319
24613
28784
19235
3719
13638
17242
2984
26663
7226
29601
11359
5559
19825
10452
6936
1264
18055
5606
13910
16861
27116
5360
9686
1256
18045
19901
4632
4129
14879
16657
3862
25358
23429
14212
19735
26726
7841
11438
9747
4450
28710
22673
9105
21283
2493
21077
3994
8386
14261
2426
14466
6942
10134
9059
8801
8422
18354
4941
20647
4638
28621
22041
7149
16123
28865
28160
3203
2306
6963
18934
9972
6040
2086
27146
7820
1915
4927
17953
29453
27100
9898
21799
12992
2139
814
7297
28930
25690
24745
7447
21598
1688
10953
1107
23047
7664
17436
25370
3117
25344
11232
11696
21313
18387
29417
28259
29129
20459
22160
14266
13025
23584
15132
8458
30006
22461
2603
22478
12818
17903
22538
27333
14433
17233
16952
13509
2754
19021
15478
4289
26006
9348
16829
28702
28262
9223
9074
3116
5613
9150
2542
21255
5535
19784
20682
14169
28673
26159
20514
25542
15260
11367
24173
9743
16106
7298
27585
10636
18672
19072
3453
7831
22109
7857
17996
17285
1616
28583
17794
7317
214
11204
20604
24521
14270
12318
4433
14028
18576
16127
26884
18389
20680
10759
3081
26431
23949
5568
4664
17076
9368
8104
23828
8179
11372
15616
20741
23832
28776
1116
12911
11324
6260
25847
27927
27756
6276
18492
13513
1376
27257
14528
8798
12749
1849
21005
3895
12124
2081
12722
28935
10014
13323
5429
10575
16480
9173
4613
5627
21820
6087
13962
24868
11320
435
18043
1870
26019
9183
25828
11817
14659
22708
7676
5417
8137
11514
9275
27457
13904
1085
14966
26653
11823
20916
18254
22527
5516
17917
17425
9228
21328
5654
19166
27840
28127
582
2548
18684
20051
29156
2285
29419
14557
25145
7143
6916
10891
11726
23071
14717
28346
25889
8367
27921
2340
12402
23717
2678
22183
7750
13735
15301
6317
10184
16519
11822
23204
25188
15973
4850
6399
2803
27826
28536
22591
24468
19946
5187
15043
28460
28449
24386
3457
22921
25462
10946
26732
19571
319
338
2352
3333
24178
18055
11259
7616
9373
13689
22753
16421
19027
17914
14894
9514
11223
11162
10566
22849
21054
10673
26333
2751
24342
10535
24715
13596
966
4825
13271
12404
27519
868
11837
21119
6767
13401
9569
22308
2628
5897
5227
2983
14557
7750
19221
8935
28734
13594
4741
8768
29163
19288
24818
17275
4973
17319
12879
24858
12782
23349
2929
5484
14946
16594
11633
21054
9146
23156
27453
1059
2054
10505
28183
14441
24427
14240
13976
4049
21588
23995
21673
3010
18656
16570
27916
21454
29302
22422
11059
29973
6935
15299
7019
11260
923
6370
2026
16677
22438
27465
12374
27747
29890
3941
29089
17045
23841
1560
1042
25241
25291
10615
15869
15061
7662
11931
18242
21405
22833
1396
28391
13905
16750
1587
17890
3451
29417
7278
12409
20314
13356
9965
571
20156
10359
30182
10458
16347
7778
250
24034
28775
19853
621
3111
28373
14212
28434
28811
25935
16257
28612
26477
5854
23951
14212
20476
21248
17900
20550
11735
23244
18539
23160
6723
28051
30041
5071
27812
18540
19006
9682
19359
14002
17337
11202
20979
3839
22814
13998
12986
1078
7673
10296
26113
25748
9615
13928
15013
2761
24807
28797
28061
17875
6409
17863
1937
13952
55
17441
18305
18002
932
17745
27002
5177
16706
11640
19337
14120
567
549
23583
27127
14128
3749
26591
22297
5765
14903
24133
20974
18734
25653
27635
22230
12629
28071
28034
6870
18628
9044
28589
7518
6474
12803
8921
11025
3230
5257
12388
7954
17255
14173
12794
13925
21759
9780
17866
1581
28635
25817
7708
20544
19549
4464
26585
18943
24303
6427
26418
14319
11296
6984
9549
10632
10830
9004
9171
10404
24969
18751
4159
29106
22448
27502
22486
27341
20527
29033
15010
20071
27230
11480
3786
21648
13392
29491
11675
23483
29128
17619
15057
10064
8692
15197
12292
729
1275
8439
14300
9378
20239
9127
14204
14181
17248
15825
29457
3793
20353
18883
26423
25504
23435
26367
9621
20443
19389
27641
1993
650
25853
6502
12902
13622
24092
18721
18757
25287
24284
26655
3162
13417
21645
18408
18140
4963
13737
23978
8323
14308
13697
22144
624
11674
26335
9217
12654
4678
30011
15729
10024
22322
23621
11502
23532
23643
20312
5259
18974
18222
12261
14961
5843
11929
5361
17368
23401
2069
26216
26645
3882
20004
25270
8349
10605
25065
28937
24556
18244
27800
14067
15755
15306
28001
19266
6577
1371
745
14941
23742
8290
6954
16646
22803
29282
4968
373
11823
15820
6213
14462
21670
25947
6585
21774
21687
10873
29789
19501
15901
27969
3960
17593
18987
5609
10381
16194
10108
19609
18842
16867
14858
2805
18825
25886
13922
1892
11888
3819
20647
23032
3088
5075
5400
10861
28304
7757
17607
6221
24213
13776
662
19357
3940
2087
12503
29843
27733
11121
24854
17064
18479
23717
27958
24400
13024
28797
14809
13433
6209
15640
27794
27459
7468
28248
13638
21692
7885
29013
22377
12392
29377
2551
3502
2052
13107
18869
10278
26301
16628
29231
2816
21748
1964
23531
13273
2103
6513
15271
21283
6236
17795
20392
8921
15753
23340
20225
23239
28870
18671
20423
20904
3660
19920
27973
12333
767
10546
23299
27842
29257
10469
21441
2428
14244
14520
11666
9701
18060
6099
25882
28965
24594
28466
11540
17227
11579
12851
23818
23054
21923
26692
21231
7951
21189
14673
4594
4693
9085
26701
10031
21361
10062
23100
19911
29560
6073
15102
14691
21092
24547
29259
21704
25291
266
23470
25457
2587
21380
27669
15251
25991
16143
14588
18498
13849
28644
3961
19913
15230
12013
30161
23831
24476
26427
27464
21072
19245
21631
19906
13736
1680
23559
13135
28690
24792
9575
20527
8364
12739
19596
17112
29566
1890
747
10253
7951
11377
20241
20266
3054
19461
25498
19204
14783
19402
10133
15145
4427
369
7527
11763
10219
23806
22081
14287
6576
10610
23381
27018
11278
27569
24976
288
12783
541
7627
12386
23571
25326
14216
17588
27814
1881
24213
15091
14637
15052
1093
16642
13359
27377
8863
25561
19340
25389
4199
14656
15175
13570
3847
22004
19826
22161
10095
7372
28400
26132
26830
28634
21717
24789
6732
6364
25763
2899
22042
29603
14651
9978
13515
8262
28263
13349
27638
14223
15023
12569
17626
14629
17753
17446
15463
21159
26675
25869
7534
18495
6307
29603
1825
1961
24354
9647
18422
27924
6567
10996
28517
21805
10197
5004
7384
16935
17321
24508
25472
21302
954
26769
817
386
9237
9556
29522
21331
17203
22895
6119
20391
17333
21519
8852
22176
26944
8520
5206
25922
4132
23668
13339
14570
15254
13698
20540
24315
11748
25060
26441
3590
7459
28634
1248
3960
12172
14545
971
1128
5622
18023
12469
25181
14437
431
17651
12372
7164
5698
11868
21897
8201
29366
3671
29179
27373
29889
16375
4258
12032
407
29207
16394
4160
9947
13062
21151
25019
23667
17017
3977
19851
19941
17406
19998
16394
19663
5855
16218
21710
16146
13230
26308
23654
20865
5531
9989
28585
28646
13004
2554
6898
10439
29021
3264
10883
8646
25257
20338
10794
16072
13415
16963
1059
29979
24430
26070
27605
22514
1257
7601
12778
21611
16232
24938
3395
2743
18205
24434
15046
9927
14939
26960
468
3456
910
8384
11256
10662
5839
4269
8990
18244
18222
10363
13298
5048
645
18983
28606
4119
4858
10425
1687
27736
24438
5356
23950
26759
28987
22881
11017
27956
305
18258
15246
24640
5626
348
21966
15012
25896
7646
11312
8647
4282
26280
11948
224
516
26644
25593
23537
8082
24623
6580
27476
11405
20940
28877
15117
15337
9826
9737
21455
6583
30038
15818
13737
18037
28305
21694
15292
27088
8039
6223
1545
15921
10903
28841
45
28564
1847
5330
24176
4113
10383
19725
23942
4519
2599
23750
9463
19300
2050
17947
30102
4124
20376
19429
6106
17313
20188
25608
22024
29578
9227
3287
10464
23352
24412
19666
24663
21870
3697
14906
10126
9241
26371
27320
10357
27492
21547
26675
14609
12721
29579
4992
24533
8637
26401
13702
9276
19369
15017
17073
28350
20618
17032
17268
7489
25969
15822
9753
5583
23968
9550
13225
8570
14784
10532
9129
29447
11545
11668
28550
7275
30184
397
26616
13471
5202
12138
189
27055
24404
17291
21406
5631
14318
19013
15726
15239
14424
16222
26
11265
7111
13096
12592
24989
23440
19232
17079
15585
17671
20110
29974
19590
25481
7695
25221
16193
17347
26976
17043
14478
3783
1169
1155
13448
11014
24377
12604
13598
26213
25318
29244
23655
5788
6031
15327
28736
12665
11286
9365
25483
2957
6279
6995
25013
6523
15917
5095
5544
8968
18835
21087
19538
24323
25177
18564
16337
12513
20262
5084
43
8582
8323
12810
16852
12507
29599
23207
12882
16586
21779
7449
27926
13252
8979
10085
11508
18002
9534
17314
28421
15997
4026
6527
29466
1847
24722
1682
22129
23077
19297
30
8764
23093
2358
26842
28257
6012
4357
6180
11671
15410
26425
21260
1097
21831
19002
19338
2584
15106
26746
24682
15541
1498
19542
6900
180
8467
4615
29203
15512
257
11305
28413
18308
13592
24908
9401
14388
16718
28785
12912
10048
26461
9889
25519
4563
15970
11488
22456
12977
29528
17314
350
27928
28559
9918
4795
2496
8541
10966
27578
10664
14344
15444
9851
6550
16742
15596
28056
30118
16867
25284
29401
24116
5298
13710
28839
12244
21636
16006
20366
5443
21948
12409
29283
17817
30202
10452
4494
19650
5596
10557
21020
15451
3072
8120
25708
19960
26835
16366
27916
2406
12790
9701
21307
1241
6683
13235
5839
10220
4383
5022
8805
3833
18324
2020
14116
19173
7284
23501
11625
17303
19421
17029
3580
2860
24485
15999
2878
21019
16094
18009
20385
21714
22699
11365
29840
6462
27193
17750
20557
16096
6455
12115
18733
7334
26650
5176
17193
11501
29453
14424
29466
11792
23720
11859
12527
16603
15961
17498
17346
619
1182
16700
9487
1430
10379
20896
17771
2146
18765
20144
29070
5582
20500
23301
9251
12735
18253
12914
19908
6202
28040
28492
7104
11279
9947
13453
8300
26651
11280
17186
9901
14321
26433
29951
20051
15205
22504
19425
11091
12702
11511
1920
8818
3784
11193
17059
2588
24596
17394
22028
26619
27058
4529
7539
7525
27564
5617
13056
2479
2124
21323
20518
19597
24002
5702
3315
14811
11964
6044
22091
1173
9919
17
16600
26489
14635
8825
11797
27416
27048
11749
6506
4289
283
12627
3706
8988
29617
29060
8831
20726
13277
27510
19982
7166
18442
1555
6133
19074
10138
21570
15536
20772
3034
15417
16824
2983
3526
18075
92
24696
12145
14277
11786
10831
11336
29442
29299
24746
22542
1246
19713
18816
19770
6951
8670
20142
24603
18449
15903
2055
5140
14793
29914
11351
16110
16161
10527
29103
15477
24697
5121
19275
23044
3910
7781
29663
24579
27526
17243
13972
14461
7088
20492
25886
19340
20504
16584
11488
18262
14028
15812
7346
4156
11972
15599
27264
13377
19453
10149
25876
15330
9357
9472
26842
3463
2869
5263
30115
3656
22150
22907
1188
23767
1981
27753
27968
23633
27210
451
11663
3636
26707
11009
22781
25257
19060
4355
26768
25076
5470
8619
7535
9460
25311
12039
16772
28749
3335
18406
10308
2583
25585
3623
27501
28254
8027
14204
18555
3492
3003
26221
14706
2601
23796
26399
20022
16521
28911
3281
702
5281
13235
11035
5347
12488
27059
8952
3517
26026
15891
12370
27749
9769
5366
3197
7154
20008
8643
10379
24840
2859
7726
10511
2929
24196
11861
5789
22594
20941
13435
19431
28832
12373
8328
10404
6472
4727
14914
14659
54
19338
11149
3742
9682
21498
26657
16643
6420
10494
21180
21620
7093
839
10555
14996
29429
14758
26599
20961
5806
4328
7068
6897
8832
14304
27561
11356
16895
23938
16627
9772
20507
19333
8273
11007
29800
28800
12876
4986
14484
21759
10592
15116
25216
22905
10707
7569
5664
15764
16749
3399
22972
7684
16502
25558
6106
24113
12369
23275
17901
29632
12989
11336
29419
4947
3015
10678
613
945
2658
27145
27134
2798
26902
29265
4068
14107
16856
2439
6309
11278
1852
23775
16606
4528
27709
15791
7648
20433
3769
14906
12543
18570
23333
15967
5357
4347
6802
20537
10250
654
10987
30200
13679
3513
4239
21460
28759
13787
15627
6622
5551
6422
6780
14279
23680
6908
12710
9612
20620
21090
24463
16750
27927
8483
29383
28483
25333
19267
9366
29013
21368
24190
7973
9988
26180
19258
13831
8140
24542
18168
8297
15518
8618
9324
6330
3778
21920
7159
15944
16161
10398
18331
2875
8465
28995
19553
18777
13866
19579
6978
5218
12861
11746
21293
18328
16992
19402
425
13676
7778
15895
26830
8300
5423
18598
9224
23986
29964
21928
1948
16498
1797
18044
294
27793
14262
13299
20177
1407
9263
1356
14979
12108
5312
29681
4707
6242
10013
17115
5230
6976
21815
14290
16376
2678
16028
19367
22989
29905
23204
11680
26767
16199
17249
13106
29682
9076
730
6515
14644
140
26392
22087
3569
29033
19387
25247
16161
14444
28273
23303
15730
14517
17051
24743
27024
29265
22122
7382
26227
12165
29148
18138
4794
5974
3483
25750
14859
20420
22258
17111
22744
29017
27188
5541
20429
9035
24066
20376
15075
30082
24698
26452
29002
25328
30061
7375
5782
791
12617
28927
9087
26769
12819
23636
6665
27345
18798
25656
25647
21429
17933
19476
21581
949
5038
5535
12001
4289
9254
17820
27259
11795
8759
28775
5575
23441
13397
7890
4345
26787
18567
16270
26607
13847
28530
2100
21885
10941
29907
9342
19468
18092
23817
6597
19715
17025
10172
8524
21255
16043
15769
28169
29771
29714
14695
920
12881
643
2423
4443
18997
11414
25171
2484
18134
11095
5148
15510
14202
19557
28037
21512
29296
25355
20537
25634
11208
25308
20322
23758
28528
419
9823
22962
15224
1955
6896
13333
22599
12468
18561
23962
1462
2894
19709
19658
25663
17498
18062
11267
18702
11800
18049
18582
26480
21342
19912
5635
9520
9502
6949
28818
4016
26618
2614
21880
23506
21861
21876
23573
656
29904
11304
26654
9015
26450
24589
16069
15803
2711
3775
125
4776
346
19552
4324
24062
28620
23118
13123
18318
562
8931
29091
25944
28362
5377
2186
12947
5010
10131
14899
28529
21285
10363
2946
20583
29614
10706
3759
22259
446
4787
16438
8833
19493
21212
2405
20903
7065
24305
9235
11286
19642
2099
27619
24150
5582
7132
17892
22949
210
21348
13991
22043
25083
23613
22687
29881
18298
24723
24193
15203
26403
25532
6460
17712
8486
26373
5669
28808
5587
18416
25454
20881
18551
10417
4969
7374
5491
25270
25096
4760
23237
15615
11496
23347
29199
10438
571
8305
13274
24721
16356
27137
20786
15520
7604
3330
26976
4040
10933
6425
27998
17596
2759
25241
10615
18249
12944
13442
21173
5941
21405
3175
14102
7561
12690
12012
14730
14906
19770
21857
28897
16816
6493
19430
7716
20371
21185
27164
17558
22369
22579
12328
24240
29648
10848
7431
27671
25670
16488
6746
17360
17640
19644
1738
4867
712
7948
14401
8582
15048
18691
23063
16151
2872
4496
13325
28671
22186
28973
5902
5540
17825
6965
28698
27096
3576
6706
17934
17031
22723
25738
2347
9982
30056
24956
8818
25678
19709
20402
17069
11583
8836
26383
27100
5090
19000
17736
3718
11263
25231
28942
4386
8829
25390
19866
3605
11695
13535
26958
4971
18238
23298
24258
26360
20564
6315
15984
10666
16599
16413
8681
18065
27750
17443
15389
19794
22119
1637
20711
19124
4302
4815
14510
28873
17960
29792
10979
11646
24690
23462
1833
14749
13326
30117
6954
11791
15777
13715
25966
20795
29881
22149
29865
4044
8543
22210
24528
26711
9708
17699
11183
6924
16911
21446
5987
12114
17105
14364
5517
19141
28997
28254
26315
5287
23928
29506
21414
24439
9316
9956
23538
15564
8494
2152
7171
4431
278
20741
3256
15928
5980
29418
8541
15805
18299
5814
4843
20592
9026
5926
7893
8987
1520
26623
21545
16745
19326
9726
648
25443
8538
5964
7640
10444
3950
20942
20955
12384
23262
28332
27308
16671
12749
12877
20362
26454
17500
26493
93
21573
14088
7757
11791
29952
26144
13447
4846
1072
9279
20170
6124
3925
8508
25588
26813
4203
29285
6758
12806
827
22610
27805
17799
11142
1036
28779
25159
13395
20329
10631
13201
27288
16509
15976
4252
23617
21595
22683
7630
20424
3652
169
3948
18037
6549
15367
8842
15006
15035
18872
27655
21924
22000
4529
2170
27744
3298
23128
17897
11356
15706
48
17055
30189
7169
3789
11584
10150
3411
12271
4422
392
4668
27273
7403
24908
22277
25948
13925
18048
7884
21952
4733
13163
10417
14034
24750
2814
20016
1440
19395
10085
25634
6432
14078
9807
28940
28763
6999
15503
3292
27007
12716
17230
18921
8895
23622
21659
21019
11678
1201
10575
1313
29013
12691
17662
24565
1295
7098
1268
19756
27651
7085
15025
15851
13077
23252
23988
9210
2882
6412
26431
22029
14745
11532
15365
7710
28211
23388
13959
25279
18531
10422
17171
14998
3164
8413
19822
25274
117
11374
29298
29763
16442
13011
4960
8910
1423
10982
3436
13729
4959
21219
12329
18182
8961
25006
16095
26785
1196
11400
24589
26145
3313
11486
22375
3581
29952
13510
24653
8143
10947
12869
14768
9414
28157
6110
6067
11039
11265
14916
26306
5611
22922
26278
10126
26196
788
16539
21389
13948
22081
394
8805
27794
17986
14793
1633
192
11750
2464
7504
15512
982
8882
7935
13926
29102
26763
11390
8710
13980
9708
2063
17163
4660
20837
23862
29913
18147
22403
8155
4932
27685
10742
5736
12701
11899
12343
2404
863
13274
20189
6480
16297
2983
23299
7756
16058
30045
11638
25081
17818
13084
7771
10932
13746
121
29604
19412
12689
8936
23856
27852
777
4362
19010
21957
24595
2022
1541
7258
13112
14031
24414
3081
16669
7730
5931
21731
19847
25316
12799
24487
24945
23236
14402
19618
18008
6216
13190
3818
10421
17583
8941
23290
14351
118
17596
979
26778
16343
13671
10839
20403
2778
9600
6664
19723
2173
5571
18248
16536
2602
27040
17485
4716
11922
7355
25817
20997
10653
26521
20553
15792
13197
840
4287
21941
13036
20284
652
29726
132
5133
25180
22041
21703
7940
19
12681
29561
25090
4666
26662
1464
4897
14651
12446
7231
27040
18036
23078
22762
2631
7336
1394
12649
21674
5578
11656
19863
24794
76
26846
24793
24958
1969
29748
3538
5852
22080
19589
17899
25084
13778
7901
13295
10971
2269
19294
10240
29301
25270
16196
10418
10517
28239
7299
12094
8825
6159
26977
25890
1531
4667
8731
775
8736
11392
786
28763
9751
20911
4130
9939
23165
25771
25272
25611
4425
26867
6821
26901
22126
10580
13568
16496
17384
7139
8254
11155
21068
6122
5746
15668
11818
4444
21327
8227
6215
26983
11887
2718
341
27963
30154
21879
26259
12272
2957
24370
14426
6537
21402
22070
13789
16804
19894
10482
16831
9705
10751
10062
16719
25906
757
8036
24296
13137
24346
6684
23601
20988
4101
11947
13261
21863
14935
2296
10846
10508
23107
30143
13523
7772
22126
16518
29375
24493
5657
25119
20709
10793
2871
5157
809
29759
6397
23009
6833
7809
25866
16068
13052
15522
17571
30204
26072
20148
17495
26889
29239
3480
15910
26967
25473
8105
4348
12219
20312
11516
14073
12726
2807
3785
15820
1889
2753
9111
10804
15959
14635
22199
3800
20487
28813
14248
16525
12350
10204
10396
18002
24061
10651
15597
287
5165
16522
7772
23117
27462
20512
18771
25395
15420
16851
29319
1549
6111
22400
15487
26715
26686
16284
2763
24930
8042
7030
17076
291
2590
13630
8888
8258
28989
2978
7664
27826
9197
27248
22926
2188
21046
23037
22096
11696
21500
10715
7822
12338
8937
3575
23446
16983
6366
2692
11066
17485
25900
3597
29413
26675
16835
4621
11522
26139
6654
15479
141
5043
29338
26285
5005
11068
29823
24426
17310
11982
6259
13209
17016
959
4110
22402
22377
8068
20168
12741
24980
17517
28045
20863
12823
3818
5468
14252
24312
15680
7277
5978
4835
22768
696
25886
18133
8887
25670
21953
19872
7513
3949
27099
11219
22806
7166
7574
10438
13459
23930
8679
26821
12420
6315
23849
12195
27101
17873
19624
23245
24713
1031
19378
8067
23913
25460
18131
5611
14079
10224
25470
26442
7665
7472
18491
5120
25457
27250
17593
28557
7794
29880
21546
17289
12915
231
7083
16442
8097
719
13239
1567
2980
23176
14294
27065
10462
2519
5072
7231
24988
27474
28352
8606
10578
21178
29345
16148
14555
28661
6449
25925
21663
7787
12580
10130
7539
14581
25480
17092
20685
2113
15782
15537
11390
1107
4907
22007
12770
6396
12772
28268
23426
12390
1731
8507
13175
15213
29168
18090
16962
25189
6610
22563
16110
28282
4277
5279
3127
27882
9707
6836
16742
6243
16098
15390
17944
17673
22857
23199
13254
22221
30067
593
8858
1596
7386
432
8375
18594
23312
19492
10521
8065
25029
13333
26546
30014
12554
5063
26272
19874
6085
12964
5180
4708
10878
20826
6758
10123
27861
8308
1906
25857
11003
4886
7507
27552
9513
11334
426
23998
14651
28742
14120
14589
17933
10671
14811
25603
17107
11365
21599
16549
25551
16357
21030
14159
4605
29895
6925
16377
20540
11501
18426
29595
17148
8066
11431
25454
210
19928
25121
17016
4536
18860
9374
20475
26182
22213
8965
15832
23242
21870
23525
24748
14021
12079
10076
612
12351
7214
18596
3473
9104
26359
27761
25613
6885
17565
22811
6413
19388
986
1174
634
4435
11490
24080
28588
25669
1392
13448
9029
15925
26550
8873
22121
17144
4440
932
11296
29053
2533
14583
29687
21678
174
13346
5941
23756
17559
21336
14612
28314
7331
2919
21973
11188
20889
22256
26315
25531
4593
12320
25480
1916
15511
7904
25632
29866
19327
14557
8049
7833
697
11256
20344
20113
27380
17840
20705
22759
3020
15522
23849
25820
21138
17588
17695
11893
1847
23862
24924
9907
23186
4151
14489
6254
556
19951
21069
7992
23885
247
1411
26528
28803
17473
17078
9710
17403
8455
7178
1865
9803
14267
18445
4
24086
15678
6138
6826
18880
14860
13176
1904
6111
5752
7695
16280
25991
8937
6737
29623
8755
23523
25720
3751
29354
27469
12575
27161
24484
17101
21293
4084
6117
11317
17209
8199
25475
18632
26703
16547
25516
10837
28396
29181
17888
7581
24421
24665
15509
7876
12824
16231
7332
2060
29048
2663
24183
19063
6508
10122
11921
4122
29785
21626
22004
29614
29286
87
6132
6460
2729
16373
29076
20900
23395
20411
25300
19302
3310
10929
25867
24685
11002
3415
14806
21231
4164
19825
26315
25911
11890
7567
13915
13394
18605
13503
8428
15551
28327
12961
4264
27757
5635
26666
12826
14705
23110
5195
22931
7525
19961
11002
364
24532
27852
17333
29187
23888
1261
21174
3989
5651
2307
12178
16594
9770
19295
27888
6180
9129
27544
10796
20252
15425
9183
5559
2911
11755
1068
6465
5713
17639
22576
9892
6924
18886
246
29798
9019
30005
15623
20386
2292
25161
2336
15830
20478
9808
23408
25723
20374
19430
19432
22322
6011
15720
19400
6253
15627
19354
15323
8878
28219
17125
25528
21861
18902
16707
24165
12786
14860
23263
11507
13792
27760
9173
19062
4995
2194
12958
16635
29988
4623
17521
21564
9247
5984
16973
2008
16001
7901
29840
1770
25036
29750
12041
25296
12274
20705
16781
18699
6508
28428
4051
6519
27647
17869
27936
13638
9879
17628
8118
29964
4611
21933
17965
22944
13231
16766
15691
4558
9237
15102
2519
9182
29857
7540
3382
21919
28858
6109
28360
10109
20914
13636
12656
2999
1935
3013
8169
1188
4844
4538
8450
16903
8891
2759
6629
697
13029
4955
24826
10576
25350
2541
3256
24720
20936
12851
3091
27300
11120
19560
16535
7572
1982
14502
10373
12935
9374
28162
25971
8260
13762
2879
27481
5877
10159
28765
25409
27165
11807
26731
1200
3769
26053
20508
15232
28261
20355
16072
9540
6477
17006
21145
6003
26861
2807
9170
12642
14663
23937
28918
5084
23497
29099
10925
11482
29140
3999
1180
18717
7518
19213
20795
2141
23551
1287
28445
20331
2758
6662
5985
25802
13570
6089
1306
21768
13275
22850
25898
18902
4038
27558
11309
7362
5883
24746
27032
492
13077
28390
8815
10357
24696
21251
27852
18242
4656
29532
29736
6634
28639
2800
6623
8865
25593
27377
27223
29048
8063
7194
26964
14878
20318
23144
9329
28200
15062
18396
27003
10778
16087
8904
21658
14276
10033
16186
25834
1734
5033
25527
16584
26761
5489
25841
15826
24874
13647
9548
12343
5389
2114
20934
11718
21723
5178
18190
2773
3203
16622
27830
16009
12502
27723
27598
19641
21850
17583
21575
7435
24328
4873
15958
20655
21022
7998
17866
18256
25648
25840
18342
7490
28282
16905
1353
5798
16164
13114
11192
5037
214
29761
20158
18161
27622
23984
6909
28440
9123
12531
15030
28175
28768
2923
7106
6547
11385
30177
26846
13857
10534
8522
14767
27794
9194
2553
3007
15917
8720
20060
1267
24453
16699
28701
1414
21130
27579
8
4724
26634
4031
22086
6581
8763
18411
19526
6227
18673
24698
21007
2574
21066
29262
25907
3465
24401
14314
24739
16435
9686
26285
973
22731
11428
3494
1887
18763
24012
26083
5607
3828
29094
5008
10513
8525
22770
26422
6806
18712
17643
20572
26973
21946
19352
3875
8197
5547
2336
17631
20888
30056
16347
22205
27790
26935
9209
13917
25733
13401
15115
8386
2203
12851
27642
1871
18284
7480
12792
23759
8495
5850
15441
20741
28747
3648
25126
20249
20431
18022
8549
16489
4343
4545
14819
17624
23539
11295
10639
18087
16882
25561
7415
3392
7535
6600
9075
5908
20334
22908
3765
12940
29994
28809
25022
4388
10364
3511
217
57
29670
13668
1427
22637
25607
12219
11916
17751
23451
7740
3599
26101
28119
8150
16942
25057
25804
1015
26847
17357
29205
4385
601
21427
7413
24172
13763
10583
9480
24319
6075
30118
9476
13492
9986
17900
12594
22179
13427
15257
17326
528
10417
8170
20072
5447
21909
8733
16477
8295
3008
287
22797
11930
22250
28552
14842
15280
12637
11230
18514
17770
17115
6555
6839
24295
28545
25520
13673
26738
22746
24582
12693
25951
5965
1458
10414
25894
18748
15616
17114
25726
22487
8851
28380
4921
27946
18960
29403
6841
19756
8996
25884
5402
6088
29776
25685
24824
24042
661
13539
12023
21131
8888
13029
6600
28671
27481
18962
1791
28022
5358
27728
27196
12336
15112
22911
20963
10495
10967
27590
23649
17560
26071
3670
25133
23427
28533
17388
4909
17866
12352
17143
19739
19754
23227
15046
14058
5277
29756
19188
11892
14462
2018
27834
27839
20608
28904
2472
15687
24088
6587
25840
10007
29612
23591
27922
9991
3801
26647
12577
29257
30143
7351
3878
4635
13865
24738
15333
21669
14437
6366
8726
6108
28594
19920
19893
3458
2762
6757
23010
3771
16458
19018
16431
133
20814
18919
8863
3531
3271
20152
27323
4717
6048
4600
17415
27727
26224
27079
25526
11243
1355
21501
28518
21633
20119
22890
92
17846
13114
7912
10232
18065
5128
4595
5500
28535
9480
28769
2432
19054
23987
525
3768
12666
20049
25745
19889
89
5701
28865
12910
24777
24961
28637
27382
27197
22315
11163
15596
612
8062
1544
12823
16727
18419
26529
20113
14774
7234
6045
4679
12108
26528
26786
13356
21153
13248
26074
11717
27550
4246
27557
15883
20383
12232
6896
23452
13001
17623
27750
23321
19695
4066
473
3530
17625
21133
13866
26807
24755
12874
22210
24546
3859
29704
19911
9762
17374
2125
9337
2174
29109
19211
28852
26490
547
10519
23707
5193
14029
21714
246
5715
79
2407
15521
25168
21717
9561
20858
23530
14383
29560
7710
5302
6568
25757
13993
4938
1867
27618
8154
21096
11086
20387
14943
10998
20938
8150
25068
18844
28611
428
6106
16744
14146
9861
9297
25153
16777
2776
15910
14933
11989
14488
2344
26997
624
8498
28925
12258
25873
9292
7810
27042
23680
29133
24062
4927
13506
12967
14379
8055
7822
28377
9160
18588
11483
30204
4083
11776
10644
27585
13058
7265
18727
10900
19421
25078
13267
801
5407
9708
5085
1463
16085
19997
4888
16782
22179
20758
9517
25037
23835
24526
11857
5340
1989
4747
8032
29981
26121
16962
6568
22491
1610
17059
26928
15016
23301
9139
22469
4020
23328
3196
11184
14193
12485
10825
27492
2108
14924
17843
23053
28541
2120
587
20930
17883
26834
5830
16221
23361
21532
13940
25636
19095
5726
11759
6268
14532
4635
11180
22216
8150
18223
10559
4286
23887
14387
6796
28951
29064
21358
23462
20181
910
21078
28991
16034
4506
25953
1545
29880
3008
24121
5911
7579
13887
9712
14421
9753
21947
20715
10536
21024
17256
17397
12345
23056
26477
21539
22354
14113
28401
29088
29649
15853
23072
6755
14533
21175
14516
23986
7005
20098
13891
29238
29439
27051
16077
23642
10462
24288
23506
15376
24797
9132
24008
8144
22764
21305
15623
963
20825
12848
21530
20396
27331
10973
5499
27319
14740
1010
1974
25841
18207
20627
23732
2229
28753
11940
7858
5748
11716
25545
15462
16754
14892
7056
20880
6931
13585
7777
27305
2603
2422
8626
10548
7061
800
15326
25615
20731
12768
25267
26587
29036
25318
23231
25075
21407
30
13506
14420
17849
23082
23009
13721
2947
14610
28340
8486
29173
2007
28473
20231
9540
5925
17368
9507
22767
3983
17689
5253
22287
19971
30009
1147
14980
19185
11935
25449
1360
3112
7352
604
3938
19349
19378
20914
1633
13578
10582
26755
28483
26014
1201
3386
15060
14237
16152
13811
99
27321
18908
2322
10273
4672
5190
24389
27094
12573
5213
20534
14839
13104
8428
12733
12770
18352
9556
17484
22041
5569
21170
14918
14787
19667
5000
27503
19254
12615
28739
19799
18492
26126
23622
20901
4783
955
12217
9334
6347
24534
24031
5431
3810
30073
20398
3576
9884
11996
15364
19327
1424
8952
29064
18689
352
20357
24216
2375
26558
24490
25870
26769
12649
4739
4090
24455
12841
7375
26683
20555
23419
25356
20433
25207
8242
17872
27250
25815
15579
23743
11700
4705
1975
6907
815
17419
8380
19816
30052
19357
13026
7903
7248
13776
6383
24268
25983
6942
10386
1696
14145
7627
21757
8655
12489
21082
5587
7775
13931
17638
5778
18898
10729
26550
13192
27947
2805
25479
22037
3680
4216
19899
12722
11092
28523
250
3060
15565
30164
17958
17864
11644
28837
19834
18307
2762
16270
23483
21933
7212
27049
4811
28085
13992
3232
8168
23696
13210
27262
21647
24398
20435
23811
29661
29455
19664
10335
13902
15544
21051
27582
11328
3630
10622
10594
5567
8680
9284
21375
25060
1284
6150
24236
5363
13633
29598
12954
18685
9459
7104
29294
3395
18503
3122
25505
11815
28266
19558
14948
9189
11869
15355
15304
2811
19082
16479
15936
2527
676
14476
11338
9124
16642
18661
22933
10515
18237
726
26412
4488
15864
9475
17044
27090
8957
9609
3968
13038
16009
26138
13697
19491
11473
29267
4429
13547
7572
27533
29353
13221
10117
14979
21378
4709
17412
21447
17402
29683
13837
11353
20582
4879
16285
12426
28715
6647
11588
25843
9661
22723
21750
10082
14650
16623
11956
8738
21555
18589
7177
4889
17784
8374
16171
6585
2798
6734
28484
19710
8111
16606
10235
8755
1008
11118
2870
29253
9476
15308
21192
8892
11829
2865
17148
9854
28145
13974
9941
26525
9374
11056
16119
3672
6309
16663
16804
4705
7738
11585
13650
10773
12896
20061
12208
17516
9514
27543
26863
12375
9055
11073
7335
24819
23661
14651
9619
21531
10369
29269
10427
7781
5922
4880
1796
26205
17337
22056
13586
13967
11258
676
3392
9369
14069
20087
19347
1676
3571
8649
28142
4213
10169
18297
15715
27950
16209
16799
14283
17226
10846
11328
19424
9296
18713
19259
5852
19833
15207
3694
6456
4607
6608
11484
23547
3623
11581
21583
15272
2038
3983
14437
5057
29295
22406
2777
9679
24800
10755
39
23153
30159
4154
5423
29048
24770
13756
27197
24126
3723
3401
11512
27059
14972
23321
29359
13335
30112
15745
26416
5389
27152
12196
13604
1420
29739
10650
12414
1239
21866
6999
8140
20221
26868
12033
21363
29573
22817
29711
20096
9372
15733
761
26687
12752
14453
25166
21690
27875
11033
26793
20568
8092
26318
4336
10621
9590
17365
10605
14193
12404
26385
7189
8639
22197
13881
17496
29169
10516
25102
10103
12777
24504
23567
4215
6044
10078
5496
4934
13198
22950
2210
24824
6220
2210
10697
11705
16228
16454
9256
7636
20800
3628
13274
26821
24777
13230
9601
22988
21664
24221
20675
21223
21778
16891
14905
746
24063
16642
2972
25556
5876
6219
8143
13189
2381
12113
7489
2743
12293
19055
11296
25551
321
21002
25198
28504
28018
12933
17311
23763
3021
29909
12716
27338
13013
29413
15793
13605
3382
6464
26499
6131
21641
