12720
2266
16280
28185
24233
20969
19442
10601
18638
3163
16456
16575
20428
12852
28713
26608
10553
4132
7344
26718
6677
25523
13822
30217
18887
2779
10092
1716
14638
18424
12662
7088
1380
2431
11381
1731
10707
14200
21769
11604
13647
12962
20998
1822
24649
27023
14410
5774
2127
26319
4097
16640
21087
12337
12603
4089
26524
5360
17547
12434
18621
15768
1086
12590
17155
16481
14126
14926
13732
176
24325
15334
692
6840
3141
1440
26275
11766
9792
24164
23801
17229
28893
8212
665
8434
9437
10064
27062
1322
8447
20349
15051
24244
11508
24599
696
28354
8766
17938
10134
16491
27811
21142
12029
3984
7621
14900
22298
12325
19735
6873
12392
10065
14700
10038
2021
1563
21050
10953
1545
942
6847
19057
14664
4458
16739
20029
28095
5317
23957
7884
10409
12139
12856
20757
4389
18266
21587
881
16682
16271
17138
12259
4857
12388
21
3882
19248
790
6830
9800
12512
29066
8571
29004
1021
3680
18614
10223
17104
21422
19854
17791
4048
26451
8132
29163
944
6994
1719
23999
9715
27995
3838
4288
28729
24664
8832
25494
10394
21144
18222
29695
4803
29226
2844
9651
29052
29308
16961
1861
12023
28656
27112
23473
21702
29505
16857
5739
25893
9547
27642
20679
17042
26271
26949
6549
17208
1364
27214
22100
27847
4661
16608
26097
15878
20322
17040
3030
22392
29505
21236
12124
29203
12435
16547
4533
3019
9779
25772
11439
18345
11421
30063
8425
29305
7805
9186
8730
22909
20525
17999
23468
23038
24829
22286
5602
6894
30097
5969
6683
24589
23522
19744
190
16185
10286
9202
5767
452
2623
4639
6401
15310
16421
8936
14241
22962
7619
17413
8914
18036
22255
26836
8097
13740
14777
7371
20957
14965
19516
16935
15258
16523
519
17344
24765
7331
22600
20226
22490
11590
27170
19391
1361
5132
4099
29367
6582
19665
12243
20687
26624
21036
7745
11728
5324
21233
25665
5625
22636
20736
15818
14982
25285
9287
29582
23441
20974
17429
21693
13229
19321
7313
9154
843
25843
24909
2514
5678
13837
9487
9372
30071
4690
2560
3063
28075
10248
6129
18399
21377
25347
20786
13145
28546
14975
13065
25985
6161
18661
9781
19608
3545
27613
21374
9090
17229
19949
13209
494
18237
12630
7542
26563
7663
5540
26187
20104
25834
26745
16857
24017
17785
26515
15258
14995
18409
10640
1470
9626
24425
8999
19839
1156
21647
1113
14110
8481
4325
19906
26300
15283
261
9350
30150
10817
25294
11814
29172
19731
29170
21600
20557
303
3083
13986
217
13877
5176
18084
13921
11267
9136
4003
7670
16520
28810
7335
19182
781
27540
2292
28400
17703
23362
20264
13028
11459
19766
18048
14627
17766
30166
10717
1893
18199
15709
3910
27517
2099
20502
28458
27749
4508
23156
27422
24521
8012
9284
3491
273
2241
19549
29012
1646
12597
13181
26666
1190
13931
13414
27950
12467
446
17251
28484
3573
14725
24610
22907
21129
19319
3153
1247
12496
21294
5684
14477
11940
18102
13987
15587
20674
11069
16504
3284
13327
12461
27996
9914
27281
28708
27288
25513
14012
27666
10707
14394
21958
28343
24025
26690
9883
21896
9649
26754
574
15065
28074
28980
4775
28787
8140
22910
16064
22092
22611
14466
3114
29668
10688
2287
14207
21509
4859
441
26327
713
7419
24317
11102
24867
3080
7897
9124
7101
26
25024
16565
12332
17819
1631
29957
12439
19538
2063
13451
26349
29984
11275
22292
9768
13953
23662
18535
24188
6396
30190
6629
4199
13832
3246
16551
22590
27716
11993
7023
29627
6738
25510
11355
27348
6595
7550
28228
22762
9637
622
29548
5462
23955
18081
323
23889
12898
26585
8512
1200
29463
29852
9346
13596
27873
5580
2673
6026
24841
2983
24257
11434
28432
20537
14832
19241
26985
13091
23197
18350
17375
16731
9526
26722
23775
18597
8829
19029
7791
9383
18166
24702
352
21947
3038
6244
532
28112
3979
5814
14181
13654
13711
19236
12241
13821
18331
19571
550
14635
24709
13015
3384
24228
15892
29792
12152
13859
14244
27007
25064
14402
20798
26565
29206
15857
25505
14226
4605
11605
20522
4126
28563
2554
13698
21721
2329
22868
2033
21340
28976
7894
10267
3692
16947
17164
6957
24585
12772
21408
23242
1593
21007
20367
26359
19154
18961
6960
2998
24855
23056
23507
13344
2987
28741
12855
12777
22919
5224
5071
28308
25184
28080
20974
20639
3306
2188
8739
12703
3698
2515
4353
14963
2889
712
3415
539
10555
10227
28672
15430
11261
14132
758
7215
22627
29636
10990
18021
13755
8012
19978
13083
13334
226
7845
21545
7662
5255
1604
26777
24837
19869
14878
24134
20220
14891
2598
3583
15430
25930
8820
24755
6438
29185
15308
22377
11186
14363
20854
2323
12259
3821
18720
9732
9704
10858
24093
17251
27823
29050
28342
3186
4903
1754
10757
4815
12336
2880
3
11227
8848
5851
8062
8393
20868
28325
26935
15427
22347
21499
3411
19615
2843
27218
9102
13921
16134
4887
26568
21442
1772
15501
18752
1701
15967
14813
20617
9784
21520
10980
20756
5635
11640
24557
11039
16245
14707
29534
17955
22331
1311
10360
17401
19724
20934
26820
9922
7716
5859
28818
9249
9513
3683
11836
1427
31
6666
11178
17192
23586
14226
26146
7079
13305
27672
18555
5877
24307
13480
1272
27852
27833
16123
559
6008
21474
21896
19317
17981
21604
26980
15662
8080
2079
10683
14413
29380
21008
6926
3047
26996
8055
2148
23655
13410
6831
10869
24390
20672
27489
14064
22688
14452
16572
12087
18334
27800
14165
7859
16514
22370
9710
6899
24561
24689
23778
12904
10390
21778
18137
18271
7461
26428
6461
2862
3461
7000
12080
11297
21837
20980
29615
12394
26526
26265
941
9589
7033
4159
21407
9501
22901
27181
27353
28317
633
3086
783
2058
13059
25012
9883
7803
2993
2662
6517
28559
17632
29426
24442
13855
11535
20488
12168
25671
20647
26313
5799
20847
2772
19103
13802
23552
9407
19146
3077
13947
1641
18261
24820
6037
29697
27182
9677
28308
12650
23154
4774
27150
29080
12409
25706
15814
24308
232
14831
20890
19259
16003
22549
1747
23469
22932
21972
12681
2504
4382
9760
5507
19415
5009
7715
12163
30162
21254
29722
9908
15147
10675
5752
7075
25220
29097
25460
3081
5860
10438
8293
17028
16305
14204
25874
19943
19490
20926
18036
25343
29369
29773
19320
10331
17298
28131
11786
29352
12367
14391
18436
6461
21933
6883
6298
26771
2737
18897
25976
5120
20651
18863
15172
20771
24946
12706
27220
20903
5929
15942
22134
12340
17494
11051
28943
27529
8488
10422
29766
24187
3790
23405
7161
20772
2324
15819
25067
25623
15227
22462
13792
11675
12402
11221
17250
5555
29148
5825
27370
19989
16843
6484
9457
29557
22518
6369
17050
8407
9617
28591
4091
28111
8169
10235
4836
12969
19818
5093
8093
20266
9833
7340
10573
702
18237
28987
23809
5598
8427
14262
1115
9825
9607
3439
6842
20559
14393
16047
1594
16504
9771
422
9353
25161
4637
26339
17394
15915
10955
6052
8848
20483
2822
27010
21962
23038
23639
13581
5018
8160
8124
22407
75
29563
6571
23462
11559
18249
17851
23825
19296
7741
21578
21110
525
12091
25663
17168
28680
12942
3804
12874
3546
4504
1610
17088
19762
18379
19495
8287
15152
22951
18886
10777
9114
1908
18192
18730
21095
25841
29108
8093
15140
5389
3941
4876
12713
14068
10086
8155
21444
12192
14113
4191
22875
13611
22831
7263
28389
23221
2974
17510
22111
22991
7626
9808
25964
15359
20622
7251
25696
3094
24429
1956
11433
24674
1028
4160
6096
22209
21015
10633
24797
11469
18943
10534
25340
26427
20324
8413
23888
4724
17376
26026
30071
3031
15949
29603
346
26763
17071
29748
549
20538
20629
20811
484
15851
23492
13420
10166
4690
14302
3559
14126
24942
25221
2944
2151
13826
13360
7451
16820
17357
28393
22587
21382
24538
1102
15471
24363
22560
17195
4209
20669
1242
10277
14750
4279
21696
6802
27248
16263
24277
8840
7925
23078
10559
22916
12750
13138
5316
4139
2250
2701
5577
19706
17164
14125
28359
5716
14108
9310
11333
4855
14317
4667
25568
6582
18946
15177
16591
21738
12514
13589
28994
4393
6582
10999
16942
16899
325
29418
26455
19724
16091
25543
21741
5413
9410
15454
25560
19920
14271
6234
21306
10219
170
20593
14113
7348
24400
2192
10056
11134
3325
1432
14994
17362
13832
28965
6428
21159
15129
27120
2910
3526
27004
18093
2477
14688
10014
29404
26978
12072
6206
14535
23867
5036
20591
19204
22463
23383
15055
13983
10000
16729
7466
19742
1382
19118
11628
12622
7660
13205
15000
13357
7291
15533
1347
28335
23
27484
28106
16215
24171
3296
11777
24261
29406
3381
6182
21981
14536
19562
11329
11374
3625
21126
17790
25636
5116
9960
649
6802
23494
4057
24886
23858
24076
18500
11613
22414
12363
14533
2103
8746
22740
28060
20316
4344
507
15043
8352
10972
15001
14162
9675
28707
12972
27657
17185
2694
11473
12826
29358
5899
8035
20834
4143
29048
24035
500
29336
13567
16310
2231
2362
9525
11810
11019
11003
7234
5554
23953
21680
24926
26474
7209
10271
8737
27504
23156
30012
14426
24187
9142
27692
28751
14822
18864
5788
9415
3404
23037
19708
27083
2664
1275
28407
22514
24843
19503
13713
26426
28177
13582
27328
15734
14710
24187
11008
27790
10774
15314
17062
6905
5191
29383
5686
26324
228
10429
9790
27132
9767
3987
3180
21974
20463
28549
13396
26661
23521
4722
1648
3486
24188
29825
13035
3275
28150
2697
30079
14689
29467
14326
27221
22049
9546
24270
3657
14217
18410
8521
9940
17358
25621
19987
9079
25857
2636
11866
10778
2910
4173
3148
12926
19041
26827
11743
2719
21569
3630
24934
24131
20352
4259
25155
1608
7321
30091
12864
20684
27464
26551
20932
20685
17463
10948
8446
28383
28417
7432
255
7800
10410
22665
3264
19021
8260
5743
7280
29490
27867
5266
22629
19744
15156
26667
13144
20918
28476
23076
26218
21819
20186
21802
17367
29038
15518
3662
2920
5809
2575
4921
791
19213
21539
25488
23317
18968
4790
16971
15067
23341
8336
23779
26173
11101
16461
26599
14448
8028
15284
24169
27935
13492
13075
7808
21368
28876
27185
15606
13854
3076
14784
16769
15049
23247
7195
20979
3170
24638
29987
6605
20903
1410
3830
13196
16790
28816
26551
4145
15481
26190
3655
27482
17374
15756
28001
20319
3375
23982
4026
12174
4952
10282
18122
16701
13265
15079
14674
17963
4127
6625
25859
7145
2593
19606
13415
29271
23239
11162
18480
6059
5076
24450
15235
26190
15913
24649
12145
5669
14162
2735
11406
7271
20064
4529
16975
3167
25130
24159
8271
26523
5905
7882
1600
888
22762
4054
21402
21520
25297
4774
17386
22095
11807
17609
12568
28565
3353
27533
7217
25972
17850
4357
12236
8603
1410
2064
79
24694
8087
29093
14995
30088
12377
23669
11235
28536
27773
8610
9980
23625
25936
10290
1876
2319
9445
25215
13578
23366
19434
1865
2210
27803
28449
15842
16363
5018
27854
10266
7352
10469
18967
21245
27600
16316
9076
12049
9109
7639
9422
22061
29846
12558
29724
24181
14284
14563
25575
25791
26507
13137
9662
1698
14755
29517
18116
4622
7247
12189
25045
973
18719
6505
11817
5049
9741
20311
26360
18573
19120
29426
11678
29193
13090
7521
24631
5002
11596
7494
4209
1121
22305
21871
24336
22500
20868
8479
19905
14378
28436
24607
17031
11938
24339
1695
26353
15635
13060
17576
14534
11570
21036
17929
10264
17601
19799
13737
18347
8350
27516
15252
26783
29708
8944
17226
18586
23198
23999
19656
28180
13927
17460
17239
5998
4958
10779
20355
13174
78
30189
11730
9731
19414
24198
19461
8588
11106
2453
10366
2600
4984
18489
3456
22399
27388
19965
7838
24
18069
16647
10979
1949
12879
23267
2788
9289
29204
25165
27385
5010
10794
16618
12770
17347
12740
23817
12147
21387
15869
3380
5651
13965
6785
21574
29955
13084
1935
25469
28902
21195
4390
10577
10686
18550
14069
3615
17555
28681
17945
678
3787
5289
3426
24069
11554
12561
28952
10943
7773
2198
27244
1843
12849
7402
2251
13645
348
4665
6806
669
11451
17063
6796
4362
19225
3783
14000
14124
18272
29536
23158
10562
29316
11369
9543
173
16729
3850
13393
3209
19127
10127
19927
11002
383
12721
11457
14226
14236
23650
15524
12155
621
434
26589
4655
2388
9856
26990
298
15935
1658
11024
25096
9763
667
18247
13500
9827
25777
24399
10290
21603
20579
20652
8128
13266
28367
14781
8934
15847
10591
24198
10400
28013
22739
2611
14327
4214
14842
5655
27412
8956
6419
28963
19399
24433
21438
14357
20702
640
26905
21407
29143
25032
5123
20868
16316
29127
25592
18818
20732
28485
439
12984
16395
23961
25356
1446
18178
13835
1974
894
18988
11975
10407
9471
25067
15445
25843
942
16122
22444
21616
2989
10419
10768
14819
13380
15415
9413
2889
26563
5121
10290
8060
19995
29024
5333
7625
16964
24643
27161
5190
16072
7481
9486
4832
13750
28295
25341
15470
3495
6603
22584
1725
9185
28057
10363
24056
30145
17658
21083
22616
22775
26248
19786
12540
14950
25381
5584
17287
11382
26346
27449
12561
26385
18117
3814
9023
20978
23921
24223
25543
18666
6461
17928
22909
468
3831
12679
19726
26465
613
28528
11695
22639
10321
5275
12397
2752
12094
14903
7686
12268
22362
23894
29490
16114
19512
12440
28027
5604
22789
25685
2581
6824
1032
18958
21692
28544
10768
15585
22707
10818
2155
22775
28885
18859
4229
17110
18796
24065
6673
11247
7450
22798
17335
22578
20568
10765
11031
4872
14972
460
10363
27212
25877
26813
2336
20592
6298
10429
26536
18597
27159
7104
12054
4438
4938
15404
14690
19210
9389
28972
10281
24859
6799
1540
3507
1661
20679
11508
16103
7330
29076
5244
64
12738
8819
6340
20121
15436
3078
4313
12133
5190
9840
19161
29924
21534
9930
29169
22335
11290
6051
17100
26746
29655
21950
18216
2719
5895
11802
22436
4333
2328
14378
17281
9778
24073
13629
16170
25497
3345
19461
26059
13949
9935
5487
8188
25151
928
15292
12923
6513
8076
19909
15137
9412
24968
26681
5168
9989
24375
28794
21283
18340
24405
9424
3916
11287
3189
17929
28383
4392
25485
8895
18998
19754
20786
16879
4416
12784
27593
8606
7427
24008
2114
11364
14382
3299
15175
28038
23286
5493
18390
9353
29656
27270
882
22890
14216
16351
27633
7782
1463
22361
25089
892
22152
553
22120
6302
3680
5258
9935
22785
21720
8967
2147
14537
6498
24561
17924
25205
12184
26986
29135
19067
23235
15052
7879
29684
27927
17959
4361
22123
3682
26249
10126
22009
2941
28705
3908
25258
26723
19633
6550
3134
22717
28860
20334
21672
13987
9880
23292
9487
11412
8907
12022
13359
5977
17044
15624
14021
17665
21631
23085
3637
16395
5867
4230
3040
13869
22243
19829
25109
24990
25796
26467
22821
16582
18767
13791
21616
401
12974
5616
1998
25535
15719
2243
9939
12112
16691
16225
27716
22308
409
17358
22295
14279
29254
687
12992
22797
11907
7004
27055
29875
9381
1697
21226
22015
2240
14833
27749
188
27330
8310
22998
10112
2144
26479
14909
27568
16822
25663
2410
9118
5971
4298
19306
4920
16943
10009
14829
20606
26625
13067
12912
4600
26088
11244
4000
28498
16859
10126
26247
6215
6273
29764
2519
6927
24620
27457
27262
14971
170
8587
27591
27125
10820
10493
29491
17992
21419
19720
19411
5216
14897
11590
5149
2505
10103
25880
4973
1282
24615
22802
15860
28461
2795
21439
19757
28580
3099
25777
2058
9292
2862
5334
21495
8055
24907
26156
13800
19443
29485
3406
8361
26490
9927
29563
24121
1946
10305
30040
26001
19669
23245
19222
1433
26926
24907
21582
892
11181
6247
25627
21810
4672
10466
10759
13774
2871
13023
29152
2285
20799
28399
7955
14878
10104
17409
3231
16827
15374
21137
29939
6648
16103
5539
12001
15412
8017
10726
19750
19986
9817
29062
16020
4350
26262
12980
791
6348
21882
21406
26252
2812
27821
11051
16950
17116
29916
19147
9951
4892
9127
24411
9404
20111
25817
14583
16060
2167
11044
768
6774
23121
29793
6456
4440
7062
16052
20329
3521
25063
15469
5888
28339
27514
16196
4317
21348
19872
11824
11558
20184
19923
3778
21928
29829
18085
13897
8997
12798
7532
15690
27098
27075
18623
3932
28047
15227
7108
24269
285
306
14303
20627
26020
27225
19158
11765
11298
15976
4102
1435
18689
23446
20251
6662
14124
6787
25205
19447
29689
12780
5027
26832
21926
18768
25603
21801
28671
23754
7100
988
22966
22374
3957
21567
6278
2934
15736
9303
25457
16217
25820
4960
4197
11997
9904
29994
23480
10974
23957
23206
15617
4642
24153
25262
20700
22471
26357
21914
22865
15179
19323
8434
4504
15799
831
23775
27960
532
25474
14526
27779
17535
15963
20913
4527
25783
3774
2464
28775
9432
27683
7653
24500
1915
24561
4398
23235
18117
24079
23953
15929
740
19029
27546
24942
21097
25393
16244
24474
28866
687
26498
28471
30217
11265
8725
12081
19065
20702
27582
29542
25645
10093
4471
16423
21716
29771
2025
10421
14902
8032
15912
10769
532
22643
10505
11159
56
20208
20235
18063
23836
23260
9701
5588
2610
11130
11457
16
29009
24682
1259
27225
854
11906
7754
13218
17793
25875
8907
17435
17252
21717
8815
18118
5766
4963
27085
18611
17345
16835
11426
12529
12792
19360
27080
26575
1429
11392
25014
10909
23676
29679
5312
29813
12313
12019
22565
21477
6669
25692
7750
9327
874
23937
4995
17868
27004
17649
17864
18302
14498
28048
1827
19041
27175
5645
24160
16861
25801
19259
11216
9650
25552
28765
5610
13960
4341
7334
1842
3475
28927
19915
25185
28787
21756
2104
27863
8039
24756
23477
410
9756
8007
23067
21994
22249
19478
22943
28133
23042
18921
22181
16630
3134
1428
14127
14826
3599
1410
12156
16892
2956
8946
6658
8684
23313
18546
9426
6057
1014
26103
27057
5358
13418
18853
385
29552
12514
8319
26348
23101
24989
607
23718
10372
12068
2450
20420
1827
23363
17638
15401
29228
16632
3042
16384
2095
18312
26550
12548
7011
21571
21444
10098
9060
3940
26027
18963
24225
6824
27039
20384
22050
13697
9590
27764
11081
18978
27380
19003
19647
10001
17723
22923
4755
200
1937
10620
9428
21490
14599
16681
11978
21771
2737
29346
15072
25110
22039
28412
23755
10441
8561
12420
28743
2839
1530
8013
14572
11511
20353
27965
29378
26252
19119
2650
27178
13812
14813
7475
1714
9796
21709
27350
26889
7214
19020
5998
13740
20426
1849
17969
15108
13852
24561
19894
10551
16519
10202
8906
19379
23067
1532
14504
2837
29395
29900
15523
7370
28436
23703
803
21520
13455
7625
27820
4268
18320
21188
27111
5742
8695
15992
4514
23785
23173
22963
2884
15254
14331
16239
29787
17676
23400
24794
15874
9125
9201
25297
22973
11057
8828
3913
24202
24930
21366
7642
18812
14713
3980
17003
25111
9407
14577
27170
27513
25430
8179
11080
20958
4751
20686
23617
3472
2306
29196
11473
21631
22441
1442
3197
12181
24815
16035
14897
20106
28163
22579
12241
2805
29395
11850
21995
19560
29913
28540
27257
16173
15636
23960
9398
15223
1010
1206
24226
5696
28511
18049
20394
14204
20217
2961
14901
10549
4872
27334
10052
7096
14309
3145
19968
5517
25537
20494
25903
990
13607
11949
14657
7400
568
580
299
8484
10280
20504
27370
21788
20982
10863
10988
15735
13050
4475
30038
24380
7967
1673
19810
7371
23140
29553
29568
2023
9230
14473
5403
11677
26506
20580
12955
9459
5743
23912
960
7947
7369
26366
3193
4237
16954
12386
29494
14183
19741
17645
24581
26665
3216
10831
11020
24309
10323
8534
18258
12397
25566
9193
28806
29209
9021
27535
1090
12774
1042
25946
18164
11579
17353
22057
21317
4112
13587
7216
29537
2636
4625
25024
30206
20816
23764
9464
27069
17059
5795
173
5653
23225
25428
6811
12667
20745
23834
28136
9032
17236
13747
3039
9545
25131
21474
17111
21458
2473
606
26000
13712
5678
8527
17288
16230
6993
24152
16334
16305
15688
18282
150
27334
17292
17213
16787
13716
23484
887
27114
12952
13009
21722
27729
28270
5159
20103
2314
10410
24548
7343
17455
1544
14007
14284
8330
22848
14897
19927
30210
17817
24802
23395
27615
7939
13996
15859
5011
14096
28005
14844
14764
29463
14909
26578
3577
8926
12023
17113
228
12211
12669
9651
13240
3190
24875
23610
28230
21967
5716
25647
26287
16495
4829
8065
27931
11152
5016
23630
13760
2288
29847
25193
28389
9626
16739
16527
7595
18964
3303
12692
16766
28395
24792
27336
9801
18879
28514
24297
10847
7527
9830
1151
19941
13750
3627
7137
28774
18419
25827
22367
21358
6214
18344
3682
13473
20617
14441
10498
12949
326
19574
6839
6484
23953
20184
19945
16502
388
13253
4049
15507
13536
26155
187
14425
10508
4489
5742
10587
10436
16664
16795
29418
16017
24653
12528
5759
27479
15879
12266
243
26713
3386
28461
14104
26787
19677
27885
26224
27283
15659
20380
19402
11204
28557
15319
8524
3572
14659
14430
203
6522
23847
12553
11752
23598
19985
18148
27865
1631
22259
967
29669
15462
19044
24289
16091
16062
25121
16315
15209
21495
9249
12291
11736
3878
841
28197
8472
10198
9719
3561
14008
1435
3627
4626
22765
14241
12849
21048
6374
16279
13961
4614
6608
27094
17464
17859
3345
14182
220
4961
3865
16334
4322
9524
29460
9502
5038
21255
15215
28410
18570
19455
27884
1211
14047
12157
2410
21968
5374
13445
29730
12052
16619
20980
12343
26624
7506
25386
23634
5156
11
23492
1145
23665
26679
10578
2950
19223
10327
7250
27205
9103
26172
11437
28656
16185
27889
5077
6905
22176
13694
11485
3142
18607
5046
26158
5975
13720
12222
1827
4081
25694
21139
14075
12139
13893
29867
25221
3097
22780
10088
28376
13749
6189
8333
23343
18893
17033
20921
3626
27098
24211
24032
2565
6607
21932
26616
7742
4699
18608
2593
28933
8255
28433
13596
14625
29447
10194
26380
17806
433
16539
1341
11721
25254
13214
8632
25759
27935
26114
11139
1689
15911
13558
6328
28487
29875
9962
482
19821
8738
2224
19646
25612
11358
26866
11114
29083
10161
21668
21645
2614
26570
21246
7370
24882
22843
14954
10049
15495
4027
628
12832
14431
9726
29486
23841
12925
17201
12870
14581
2369
29820
192
2640
7733
15516
28460
17333
8033
15137
1020
11868
27017
10737
3878
7625
15042
422
11081
975
488
23650
12036
10713
19917
11879
25384
2604
1925
19763
11144
8920
9072
14945
10204
4097
3860
432
6897
21495
6997
24478
16693
10248
4967
182
7022
19163
7284
25859
22004
4698
16403
14174
25783
12117
2951
12083
11493
19707
22463
29432
24205
5210
2408
7767
18331
8999
27008
18584
2051
26120
27578
13954
2422
9948
24787
3814
22119
18622
3295
387
22637
2306
5246
14727
16034
25640
29275
24250
8803
4700
4199
9586
18474
7629
23359
13677
14437
16623
16468
19983
3860
16945
6726
4615
24551
22662
12700
19027
4324
21721
24904
21072
14154
21530
20083
5521
21643
5613
17627
12519
29016
161
2562
29489
2632
27214
20731
6711
25194
4589
4909
1159
26015
26614
20310
3970
24484
12550
22143
17475
21726
7955
25253
7525
4833
1808
10306
9439
14732
16685
21261
6190
2307
12133
12187
11449
23453
22970
19616
3086
15481
19123
17241
23403
597
25207
28375
27182
15730
20140
13792
17771
15539
27018
6309
3920
23534
18924
7081
29926
16148
26280
2097
3960
4793
23057
17695
17528
21390
4783
11277
9617
13546
28786
18982
12177
26094
16732
12481
7886
3882
2572
25896
23427
11305
15952
11648
11253
828
4923
71
9033
8561
15711
5130
6762
26951
2099
12183
28045
16764
8189
12032
23055
29007
15350
27161
8225
8325
16583
23498
18104
29127
805
17956
29340
16801
17502
21594
4446
16451
4272
29132
15512
7743
2843
18071
29452
9000
2421
6640
25808
30056
996
10027
15666
315
823
25066
1568
7358
8436
26158
27349
11400
17154
25658
8050
3335
5933
2155
25560
26430
20814
17932
21907
17083
27172
29189
25454
2701
1939
25633
24237
11426
12919
25096
9451
5362
18540
22596
20060
10009
874
23807
14047
4214
11650
12024
13208
13177
18607
27047
12370
15482
16063
14142
3294
23676
25110
14040
28121
16154
27893
27867
12160
18355
16568
9528
19440
14534
27299
15513
6114
8953
25107
19950
3643
23995
18540
27823
2464
8918
26359
24287
10562
4871
20188
21071
22341
24370
26224
29707
858
1333
22626
16421
26515
17468
22580
21168
18320
22222
21802
17538
8742
22990
17716
17777
14349
23749
9962
8046
2894
26078
17454
23980
9929
19772
28777
4895
6275
25319
11229
28217
16703
20249
22673
26206
6936
19881
9844
8876
27360
4557
11652
24707
18303
3794
2604
10224
17817
1205
2403
26217
20136
28814
8831
3717
10223
28696
13694
27672
18646
5015
18874
26633
12351
9995
7541
26173
16600
7425
8522
25743
27214
3953
22053
5254
24165
22285
18090
10906
19199
21199
16240
9907
14480
12107
28906
5415
11551
18465
7554
29184
14044
9258
5298
3341
18211
4254
11719
16335
19578
2885
16405
29368
24761
4310
27031
20652
7633
22408
24841
26093
5661
29559
6479
11984
3088
3077
22451
11704
17366
19054
10985
3444
935
13909
29864
20862
27293
2407
13191
4731
15592
9856
5573
15759
27184
22909
20874
2920
6704
27373
2437
23040
21871
6957
7162
19570
16075
28833
20820
28819
26997
27710
17062
7394
58
20409
7231
29391
16051
21702
5679
18443
3487
26760
25790
26469
490
5151
10807
1852
29729
18681
11596
6148
8478
112
12861
11479
29750
23246
24688
5906
22587
24386
3914
20301
28446
13594
8466
12744
28513
15567
19961
5187
22698
9001
6269
12419
27841
7836
10695
15342
5615
25340
27059
30078
23314
3600
16262
5275
21583
17550
14412
28205
11530
10806
1983
25922
10045
24759
22028
17273
17243
28865
16543
7829
7711
26175
3194
13432
2104
1855
17999
8648
24811
29939
24545
18732
7462
16518
27114
13611
14653
12170
22963
2865
26892
768
13024
16942
20199
14316
23665
4346
4478
27520
17677
19392
21298
18199
28081
23572
25113
20367
18346
26748
15765
7596
28195
10395
8566
27119
29148
20523
4568
3525
25195
8530
26394
11123
28068
10494
4066
9543
4559
11834
8196
27339
11782
28389
9111
2255
6093
5447
9318
4556
13439
12684
12598
14940
2695
13216
25789
18713
19582
3922
30082
20311
2026
29874
12865
24140
22596
15865
5333
23159
20115
5201
4297
23567
21122
7441
7477
10306
9365
27220
10852
27075
29409
6666
17790
17827
20107
25206
25311
470
25631
19677
12168
22860
19007
19651
20663
28224
25870
17412
28852
10341
9585
29921
21915
10037
18332
8695
6647
8351
29662
14947
10013
11112
30110
12838
21864
26538
18310
12234
6836
27095
2731
4326
7666
2805
505
1385
550
17074
26421
16459
2152
7787
3779
11678
13219
12229
22988
12100
11876
25938
25592
3923
10009
17315
428
25267
2609
29014
26723
20754
26996
22887
6028
23313
15440
26266
27205
6849
10276
7277
16650
6153
5495
20024
7487
20764
8240
20245
20048
3069
17707
28354
22595
19848
41
26759
18881
18924
17575
18785
16266
5999
29019
19732
8590
16235
15718
21191
9082
18976
3428
5275
23261
185
16940
28161
4269
8488
22998
10293
20234
28422
18795
3088
2671
297
15801
25696
2975
28387
13140
25785
17823
18317
16401
23791
12306
18227
22526
21568
4435
16744
15585
20612
29540
6464
23109
2559
13512
14055
26610
21335
21628
29316
29282
12849
27215
11473
11572
7123
28411
17813
23754
16310
8549
25858
15589
25685
19067
1678
5576
21012
23421
12245
9421
24602
18415
23847
15509
3677
8066
17175
10871
1763
20523
7356
13922
8915
22801
20979
13619
2333
14848
24631
23241
8906
16199
12644
9028
1603
29913
1291
506
28837
13860
8955
8974
8997
24469
9172
12083
21784
9019
19793
24012
1601
17955
12388
1186
3158
28476
24461
17262
6389
4623
12433
16030
18940
17552
14766
12624
267
19678
112
16558
13554
12505
7610
1590
13282
16938
30085
20568
5337
17245
15528
25297
29457
11753
8379
21584
16177
27330
973
22893
13759
3132
21083
26313
13077
11739
11867
11882
27754
21063
29955
9181
13571
6001
4159
17666
5125
19711
21838
13505
18027
15832
13532
27074
4698
15211
8340
29803
1372
28477
27929
11247
29780
20648
2476
27314
22921
7815
10274
7926
8150
6638
1208
9814
13567
26512
2917
28905
14741
23055
96
25388
18253
26122
30080
6014
29051
25287
29826
2559
927
19106
14219
20694
17072
1867
29427
24440
7989
10150
25560
17600
28875
3038
27199
17583
7054
26013
1275
1715
3770
14147
10760
21242
22655
11393
15300
16577
25333
20421
14503
20205
4835
28583
24538
10920
27787
14088
10900
25949
15140
12553
3671
2284
17831
26055
30064
20261
4530
23595
9974
11328
18550
28788
22666
19305
12522
11933
25998
14015
19542
29329
15636
10748
26192
15538
20340
6209
20577
14177
9869
27627
17659
7029
9020
8553
12149
5719
12151
29604
24042
21287
7093
8025
26619
18816
30188
26712
19581
26576
26601
19704
28728
8149
24790
13839
21517
18285
2758
13352
3276
4247
807
6372
27249
14673
23073
27868
25104
19654
9193
26517
27039
13159
21527
24209
12907
2063
20993
20429
17722
4279
27425
14698
11239
19124
2669
16618
13982
22615
23810
18032
9664
3166
13949
18650
14085
1511
23306
29231
1645
11121
7348
3335
13715
3064
13940
12779
26899
20061
16341
3574
21331
13342
28405
26259
5015
18333
12088
14456
9212
22471
9372
23831
17469
25201
11856
17564
361
3901
5968
19954
18439
7807
5067
11151
7564
16417
10280
19740
12757
16939
8980
2470
1237
3235
28979
8356
29088
10924
15669
18553
9614
19301
16951
16144
23110
9794
17412
12279
28916
4617
12586
10932
16042
18218
10523
4259
3096
3412
5829
9260
27655
2256
18471
6293
26537
14230
23078
15619
6564
23548
12726
6994
28232
11694
15505
27493
15383
18027
26681
14423
5550
20424
9730
24956
29958
15728
24981
10429
1435
16534
992
15160
12985
27324
26789
11356
14195
3984
842
11795
8017
28153
24859
21715
19410
12426
4816
24527
18752
17268
9486
3390
9487
23782
11933
7027
11587
11949
14582
14378
14056
30214
17957
27875
1303
25429
24493
22771
5494
15666
802
11741
20702
23723
3521
1448
14453
16589
17686
28740
5190
36
16221
10155
4681
8713
26322
645
27441
26440
7170
25122
4844
11086
3898
29573
8527
17322
2568
18021
21763
22923
2480
8536
1059
24084
18868
9850
6113
15388
502
10013
22152
21292
4977
22617
21451
21787
12474
14909
3051
22937
23528
1099
10671
22414
13042
24682
11054
16580
16436
21057
13423
12684
27637
2785
930
22397
26439
23087
19540
29447
28803
18204
12503
27508
27007
10383
25069
30211
29986
40
5773
19224
11278
22075
16527
7585
27981
24559
15818
17613
18876
503
18285
822
19604
19291
22304
29208
15720
28648
20972
8673
25340
12840
26033
18369
12214
22747
21147
28703
22220
1422
13628
17556
2027
12682
17357
14062
22791
1749
1376
3051
13099
27195
29720
21211
20722
4335
943
10211
28941
5930
29811
1998
26429
1769
306
23742
1675
14869
21638
12385
18792
25131
17770
19836
16295
2600
13502
25184
1095
29563
16721
20894
3907
6999
10829
29752
16553
12000
24537
13653
8980
2825
15807
12614
8570
7997
20711
6311
18436
21838
25162
23452
18397
21700
11985
20178
20652
18071
20055
22000
3631
9662
12894
5712
16116
14826
19322
7166
30046
20187
28515
24307
21099
26990
19282
20100
30076
991
29147
25810
8430
28849
27849
27140
832
17866
9565
16464
25675
14672
16947
16762
25648
29463
9228
756
5443
22994
6542
21781
27729
14923
28067
8238
15104
12106
16413
5158
14638
14808
19430
14778
5305
24015
8622
2587
24485
3342
9358
2283
9898
17406
17653
2335
3825
13032
22925
26005
22373
23338
342
13043
17985
14088
23290
12480
16664
27538
20160
10196
20157
3790
6739
28289
11227
27550
28671
21656
13925
12803
22510
29474
6229
8993
18016
25865
20817
1138
23272
2566
6338
1355
12777
14591
24088
7600
17292
19315
24989
25836
10675
19828
18423
2775
4695
23362
3317
16323
6804
8263
25314
25445
5979
3218
20874
4811
16386
29826
1566
17797
1165
11351
25397
28326
20892
16809
9724
5977
14448
22418
10955
10692
2295
13901
23761
2712
22241
1518
24166
22930
5927
24876
1979
13421
21096
12616
23954
850
7991
8744
748
26199
21462
14771
11668
20352
10260
938
4771
27021
27844
25036
2010
4468
3515
11072
2538
12199
3326
99
14246
8377
28524
9929
28697
24449
22638
15219
27887
7090
2957
20554
29883
7952
15094
1900
17934
10357
21509
10083
13956
6377
1689
11938
25792
2529
8267
4489
381
14756
4733
17723
24662
13330
1937
6146
22911
29522
28889
21202
17417
17855
23943
13612
18779
10547
24429
9620
757
24299
10019
3649
16248
9076
1683
9785
664
15007
5203
19111
16388
23288
2266
19519
28575
20796
3982
3297
27310
21437
13079
8253
24724
23498
5132
11269
18705
11671
18340
11511
14337
22922
12704
11537
22096
2225
12328
20974
18632
10866
22052
15597
4486
20296
16747
18522
27437
18277
8288
4172
8865
14002
18243
12600
2804
25512
8574
10306
1676
30206
356
24087
1076
9484
15077
12176
7916
10745
29459
20171
6563
1947
13421
22853
27780
3994
11400
8262
8056
14545
4546
22827
10318
770
2569
28195
11441
9997
23167
3865
24139
11739
15326
21373
1783
18459
24756
5346
14987
2520
23927
20784
12619
11710
28289
21021
24976
10926
16845
24050
17978
2810
9035
16066
12409
15756
22726
29431
19152
20712
7212
20666
22427
3224
8301
5855
19542
13055
7372
4752
8801
2770
1367
6576
4277
27875
20992
16333
26989
20527
10911
5862
13450
6897
11815
25954
59
25895
6567
1005
6264
28607
11735
22340
23613
12642
24915
3959
2067
9957
25063
1408
17783
11465
8032
6445
8462
18313
17596
24410
29634
5099
8759
26370
20847
1764
19314
1283
21417
9450
11369
3250
9595
5661
940
7235
6818
11335
5173
21583
16258
25030
28158
12272
29192
7309
4523
18449
23886
26589
27957
10308
24362
3102
17601
11492
8823
25941
24086
18135
18610
17875
16656
6641
22443
25712
10316
13464
11262
10798
11274
19216
22482
2912
8745
15257
27663
22480
24061
9482
12642
7121
28721
12632
12209
19922
17417
16328
5320
9891
24656
6662
24520
29227
13258
12939
468
12534
5521
15608
23988
5087
11438
20979
9361
17982
19233
16285
947
9621
27090
24109
5191
29991
24813
24773
26499
19079
9979
23312
4368
18898
27523
18411
2894
9291
15285
4738
13064
18268
23605
26613
24813
10269
11996
17557
919
12292
24842
18714
18238
16107
12056
24151
13210
8880
27670
7216
6856
23185
833
14023
27521
13229
15214
29443
8098
201
26701
13131
22305
10036
5581
28931
15298
11695
29771
1287
24106
12237
23649
5464
3565
15358
2796
14416
3639
27614
23302
19665
28608
4048
9700
19112
868
9493
18718
10778
5025
10258
13028
10357
26107
2974
15658
4933
5965
2121
28041
16459
3116
1740
27324
19842
8603
825
1885
12813
10673
1389
9753
8092
14659
27977
5425
14544
12449
8331
17278
392
28134
26616
30105
3725
18493
13556
28388
10946
17929
11163
9223
18343
5686
4722
8871
11282
23599
863
806
4288
3013
22979
23092
7733
24231
13034
3736
25253
17138
16537
22593
1743
7142
20200
13941
6393
15177
22443
4423
20889
8926
27513
28497
1630
14239
7680
28110
15375
1907
24836
7546
7234
10430
2862
25102
23545
25024
30155
21843
29102
696
24117
1442
12363
1880
13070
21623
21681
22322
22912
3331
10978
1514
7612
13396
15893
25131
2843
29384
23844
28710
23488
29381
13776
1604
5901
12373
13565
27381
11591
17617
25499
21437
29898
19000
5149
15509
26825
21832
23762
698
4774
3205
24335
6717
25355
19635
19316
16217
19075
5005
2727
24646
29188
20036
23101
17705
15618
14156
25275
2312
22407
28306
1351
11745
2078
28851
17992
27045
9945
1969
20392
29859
25767
3198
20762
8534
8147
16331
28995
6868
12721
2887
24406
17658
11534
29966
12164
11175
19534
26841
21686
17067
12496
29122
23982
20004
12670
11862
9595
11271
23024
3930
19496
27155
25244
26745
14041
29926
28605
8294
16695
25581
24843
19958
18980
27802
15341
11409
22311
22587
5487
7032
9844
20789
5955
7885
29679
27868
7612
15711
5075
29854
9610
21599
13728
9507
3083
26166
21668
22866
6888
22330
16442
586
15715
28114
12240
24972
17682
6386
7061
29451
4302
25604
10192
12815
3267
18609
21907
25345
12121
21842
25342
4905
8985
2184
16732
8521
1123
15425
12737
1769
2118
10451
17263
11215
56
13470
25205
23292
4386
8303
3240
24289
16978
28560
12494
9666
161
26108
2689
24062
29202
20033
23569
29612
3306
27708
548
16488
7693
22016
27237
11856
7655
1868
21606
22825
7765
2599
18356
4967
4631
15869
17660
23112
6768
7846
8006
26588
3325
6736
4263
26969
22784
4588
24037
15089
24679
27596
4275
15744
13337
10404
10261
11390
25824
28916
27401
15557
13216
24413
25031
26703
28863
18238
6982
23145
20913
13689
16024
11523
28201
30206
27460
8653
7512
19548
2351
26194
8548
20596
29089
1023
7152
25358
265
8820
4447
4588
9822
5474
6429
24524
14144
148
21682
4002
8040
24812
13658
12709
14427
16964
13172
822
2284
27353
25932
11517
16563
9961
26194
28504
23421
4747
24036
11287
3469
9528
13611
20222
30120
15681
24031
26918
21802
4174
25180
3585
23194
20730
18637
16812
16526
4405
8002
12252
3421
7864
24013
13389
13013
7151
8662
26612
6296
7113
25134
5184
14821
8483
10360
9785
29219
3935
8226
25026
3574
10560
5371
19552
18954
24683
5014
15948
8243
22566
23215
29650
26007
13645
8973
20925
4399
17525
7696
24224
2293
16818
11532
24520
26048
10059
4197
8768
26474
13000
9613
13721
21906
27917
26138
4678
22749
7184
28779
13081
28452
213
26070
26798
4136
4319
2526
1460
13136
19172
10791
29635
4764
3111
19847
19573
25537
1600
12809
11697
8669
13957
22245
18604
2431
2949
26679
20941
12445
4605
18027
18411
28291
22361
7468
25646
13648
2668
9124
24073
18555
10673
19424
26496
23314
10542
2449
27149
23624
2704
3395
9307
11659
20990
18614
7395
28006
9147
3034
16818
21341
15294
2244
24733
18181
14031
19044
5924
978
10458
14096
22537
7130
2498
24399
21587
18275
28046
30179
23091
10121
6793
934
21194
28856
15357
12359
26316
12048
25984
9099
22269
26603
3870
27791
25518
29047
16060
29535
23431
24988
7628
10938
22640
20113
21637
27568
25058
9764
18499
28795
17240
13854
21726
3142
10490
8131
18456
22378
22602
20515
14740
23535
16177
7963
13553
9116
11945
16683
9781
14580
9822
957
12581
22598
25922
20742
13308
7591
283
4957
14908
8751
12310
259
25213
19101
20593
28502
13985
24650
7471
7371
9962
30103
575
17039
9221
16938
16137
12741
21701
5357
12838
26343
29266
20055
6134
2215
8884
26759
18138
181
15862
10194
25507
11738
8489
21350
25198
5382
27210
23067
395
10140
20019
25209
22413
29277
4045
26038
24703
2993
24589
23143
22323
10137
15877
21425
4046
12002
5796
12955
20717
760
12960
13997
15357
13814
4965
10760
3286
29382
5350
22155
17697
3946
19948
7594
29684
3722
28729
4052
16185
2036
20801
12522
15701
18821
17814
17150
9362
3602
9260
10457
27044
5900
28042
2379
3448
11074
30129
4287
11225
4013
2067
18265
14324
186
11007
12696
6054
25623
29137
18370
14411
12006
3511
12225
8767
29720
22445
17898
1928
2604
12526
25857
3057
10500
1331
22924
6199
11710
11903
28053
19133
15602
13758
12234
7781
20646
15448
1497
5205
13542
22620
13940
24138
15233
7492
2644
14137
12744
22775
15006
4752
9461
3419
17873
26719
12429
11060
5574
485
28402
25857
17623
22973
3661
4101
22468
10832
514
22253
22415
14143
1285
1266
18692
26382
15867
27683
20326
26346
2714
10931
27408
17719
736
11987
12506
19605
7962
15481
20485
13896
7178
13055
1043
8691
26894
11449
27617
21134
2235
20729
26127
5879
1838
16717
1512
6325
10289
9709
18227
5725
20957
27358
19655
17708
12958
6509
11660
13554
24537
27337
9125
21524
16055
10598
776
512
22155
17582
4430
17717
332
6459
25903
5215
17442
1468
17791
6805
12795
3834
7670
15619
17061
11543
4271
3147
21051
103
12284
27107
26943
10274
19261
7812
410
12665
24697
23265
25385
11815
20569
2568
11830
15834
23290
16231
21236
2363
29709
1655
21842
23014
4873
17394
28494
10058
27710
14247
22433
17298
27714
27652
2417
5465
2714
8733
22532
6375
29978
18392
21588
30077
4667
13584
13716
19195
23873
1192
1562
3791
14055
4206
15880
505
18889
21939
11338
7858
26141
23202
12869
6668
22665
7141
29871
18426
16167
21078
19708
30030
18225
17839
7899
29841
24542
28014
18692
13865
26843
13501
25594
19508
27443
17912
25311
26990
26464
11753
24169
5595
19362
16156
29194
25772
25389
19857
9290
16354
5609
10304
22871
1419
27887
25891
25716
24892
5412
10265
29865
20883
7157
16703
8152
14358
12484
30087
23022
24391
25794
18250
984
29476
14241
8837
9141
16952
1817
11916
16989
27945
16488
23478
3369
25920
8774
26536
76
18723
2963
7448
21285
24375
23244
22656
11558
24071
23373
14390
25748
3876
14372
27324
303
19299
7941
3177
22676
3049
15802
27753
11434
24694
17378
2180
28635
11138
11875
12803
1188
28510
2374
10999
16007
21804
28483
13277
11871
27852
7396
27922
6565
14628
4595
29367
25877
30132
12245
19974
15446
9142
15787
29047
16778
472
3638
438
26078
24893
20051
6720
28579
29016
20561
28818
4922
12891
14632
16276
8129
20069
6982
3756
10008
3801
7993
26910
24125
9557
29833
8953
8071
3044
19715
1370
6869
10857
1338
4033
29065
15006
15906
1398
2994
17687
8657
14601
29911
7538
9341
14875
17781
58
3170
16266
22586
24886
11248
6350
6683
14699
27392
30055
21819
472
18950
4797
26215
29578
26014
9846
966
23036
10492
14662
25434
6066
11457
28961
9320
422
17685
1840
15365
14153
4732
27956
309
3570
16630
16922
5746
15387
6732
29963
25619
8787
27651
170
8527
27615
2328
14830
20214
16729
5714
16469
6495
12662
2130
15042
7622
12084
22639
12569
14491
8542
3750
14726
22421
2948
7882
23358
25348
13387
1813
21216
24813
15317
3596
14045
10435
26916
11353
8875
24175
9556
22417
27246
11949
23581
12211
19804
18693
17806
18437
1868
20893
19775
13039
28658
10563
14585
27797
28864
10419
17962
8427
11210
25540
7820
10199
14605
12313
27122
14622
25409
14584
12980
13620
12251
11797
16636
20108
12322
628
27495
17117
21601
2849
9361
7903
23900
23782
19268
7746
18461
22917
15909
10404
20372
15584
5558
28663
5163
22701
9430
17466
26267
21010
28071
28496
19435
18729
18513
9475
14970
15251
5666
21143
20658
1517
21722
20362
16907
8997
8700
1736
28070
24517
18319
12030
10383
13507
16621
11168
1265
26342
4173
28092
12133
16681
25647
18189
21997
1538
20307
12575
22213
3727
8249
30191
11430
12162
20992
15010
10574
21676
13638
17959
14710
15585
14837
23145
19391
28929
31
16073
13639
6751
6178
13455
20639
5790
27047
17387
17802
25249
12708
9448
13485
5581
24562
25010
11437
23272
9053
13119
7048
21001
12369
30112
24047
7145
173
926
23512
6815
1493
16648
26778
10892
27505
8127
21227
4838
2675
27394
29585
14572
11145
19458
12377
28297
23092
2717
12625
17280
7170
29014
19082
1873
6240
915
25972
27774
18533
16481
3366
11332
27290
30212
22826
14903
16457
10283
7123
26014
20630
805
19745
14712
5062
15452
28949
1990
8274
506
29864
2118
17166
10646
28990
19076
17395
28271
9022
17471
24528
16159
11241
4495
26277
19618
5881
18505
20834
9076
1269
8772
11420
6045
15385
21824
932
14674
7130
19498
20172
21846
23724
1266
13807
6315
12452
8497
22701
26206
29229
17199
27454
23699
2973
18286
20408
15838
22209
29704
28335
18188
3183
2769
22474
23964
29290
26316
10460
82
19416
26869
12829
15565
29765
17581
14515
6108
5095
19057
12902
29736
23860
27927
1523
15749
17284
9661
29247
27921
1353
20942
9155
9583
10676
28568
29916
19918
12868
14326
29599
28204
26889
23224
441
14576
11111
16241
28759
19446
6748
12762
13642
10264
27083
28550
12955
19100
1719
13559
24897
7789
19588
28199
23078
3552
9100
28841
15374
20994
4737
861
3003
10280
11974
8794
14700
631
20427
13931
21737
30142
14089
2697
29554
6837
6758
14936
16585
9038
4523
26611
4189
24583
29266
14236
17306
11399
21677
12719
26709
3048
12802
10034
22427
27160
14936
25739
15100
8348
14610
1997
13722
639
4236
15373
25422
11452
15654
23076
18920
22256
2304
2989
1780
20876
14086
20566
28391
14880
2113
16433
16266
14952
28722
8634
18013
13401
7529
30003
21398
14119
13219
10366
23661
27403
9697
19475
26116
22088
3030
9428
5539
26226
18243
21749
6517
28393
3697
3835
12612
8737
5167
27383
9726
13250
29327
21760
5317
13003
27614
24262
11410
6760
7371
12975
26856
17952
397
13466
24555
30121
29459
16751
27876
17225
9675
17447
25435
12880
2832
8076
4952
21078
12682
27665
983
16246
23949
19424
2772
5799
17602
872
25331
1885
572
7434
14736
8104
23181
9872
13130
10246
24902
26029
13996
18779
1740
16405
25738
4634
19960
22104
26262
12971
13108
21745
25669
10768
4403
7291
22741
15140
1703
13152
22363
22264
17434
23693
18225
26839
7862
28265
23774
12759
28436
28154
27080
5900
7854
19487
5778
18503
13851
22968
25503
8919
15463
17503
19749
11108
27810
23157
12509
20911
1102
30122
2665
16289
7549
3305
5245
607
23294
21593
24770
9008
10080
2241
1755
26629
26548
27684
21058
8354
23790
13255
17508
10729
29824
11347
2517
13492
414
28223
12713
27317
10560
9408
18596
15479
11814
30199
19215
2283
21788
24562
5613
15398
4874
529
9906
8676
7741
28869
28556
14406
4616
5602
15556
16210
17750
1605
1981
11746
3194
15584
2818
18582
7425
23111
20745
15097
29439
18925
1312
27779
12169
7856
16623
5265
18175
26310
354
25612
7456
3654
9958
29069
9862
12594
26506
19310
18738
25860
25298
17245
62
13195
14334
5359
26159
28503
10888
23294
22721
5424
27787
1146
4610
20736
2713
12675
17591
22169
13748
21947
14473
7849
7226
9299
23779
15726
14037
2389
8929
21148
4760
24284
18294
16199
29397
17464
14475
16666
14479
8684
4549
806
27406
21692
6987
22909
20323
18910
29633
22734
8860
15780
2682
13158
25217
25279
12354
27627
5492
3979
2904
29171
24566
24914
29342
21144
5172
14033
5044
9062
8697
25976
3657
28555
1150
9616
24554
19099
13001
9818
18856
25967
25570
783
2688
2359
7110
19668
12366
23462
9756
28169
22250
23994
18492
22320
26432
25154
13595
15149
16634
5696
25207
14120
20074
16284
21817
2236
11780
24495
23590
4102
12409
14847
11035
10936
4993
9074
9269
15375
22607
25826
3268
866
14246
26109
10857
9224
9079
22919
8012
1750
1453
13404
22405
26975
19810
15577
21427
27904
16921
4303
3460
29896
29467
29860
17005
21779
8827
17932
24483
16559
12640
3393
18018
2282
15468
25264
7900
11399
10961
2081
24951
1598
16563
10849
1208
21134
18107
26245
758
22955
18721
9407
15264
26996
18589
4427
24232
12671
845
24425
21308
14121
19577
9755
24974
22272
2263
20707
12526
11259
7288
433
19073
14915
1926
18284
14419
16444
19573
9080
22006
19749
7459
21263
17964
5083
19865
29255
18352
2876
21146
16562
7079
26851
14060
4372
15422
7224
21457
281
20781
20790
19908
21975
5997
19111
3383
10562
8901
8507
14149
6126
14970
14842
25143
4132
9825
7958
10887
4873
18356
26468
25170
21123
28360
25865
8030
22494
10106
2977
29997
7014
1528
17494
26370
12508
4218
6647
18692
22911
14108
10932
17256
26117
27445
21158
28206
15839
24011
20334
27015
12904
14114
1602
5026
20573
12628
25750
9789
14308
11018
22868
15587
4773
28040
8983
5192
7314
5828
8875
8020
12964
14884
2011
2170
20772
28458
9911
25336
26566
27177
12233
5264
21834
10138
9342
15376
22464
6452
9499
26559
22117
27422
1315
4772
6655
14194
7129
1134
22973
19467
22649
7675
13447
19522
29332
14452
23133
4988
20719
9893
16848
25180
8726
27139
21177
2322
1493
2088
25443
4453
2018
17440
19849
7387
42
7517
12947
20305
8891
17306
16863
16323
29299
24023
20851
17486
22177
18191
19088
1015
28896
16336
29334
18767
14518
14471
294
23079
2648
19110
25882
6841
8354
22556
18006
25174
28943
23924
29887
14684
2213
26090
16303
20530
30104
7448
7684
12940
28827
16018
22247
16452
905
26063
25676
29110
6597
12651
27913
28230
24834
27844
16110
19720
7054
12981
14470
27282
16379
18520
15774
26372
21031
4525
29269
5616
20834
25421
11482
13893
21274
12644
11846
18207
7001
10131
25520
23838
3426
16607
2284
12802
5304
18214
15452
18290
6484
10176
11709
12894
22934
13014
1959
11525
17988
9685
1248
2657
16177
25208
8744
22995
470
5555
132
27506
19279
17995
14481
21790
29993
3442
23809
26847
2520
23877
14904
29659
19551
15499
23806
1061
18048
3813
23056
26666
24820
5277
16288
27473
21650
2356
3449
28886
8456
14252
2686
3166
20689
26629
26036
10516
5334
26809
6870
27589
25908
21767
10720
9833
12851
13609
11896
28266
27382
18917
23762
2268
27252
25174
14382
2925
12502
7863
2276
14748
28924
21865
5141
25980
23262
24371
6582
13676
14629
4124
12200
18589
10488
2212
15163
20111
13314
20612
20397
15223
17651
27578
29298
10571
4959
29058
27246
9515
23756
28151
18215
10649
19763
6809
20217
27246
11647
5528
15779
24578
10231
24540
198
8650
19230
27259
2690
10912
24696
6008
10518
17503
17324
414
12743
11991
2026
3711
2354
20658
25450
4182
246
28487
10635
18553
6395
17300
1691
4071
4497
16376
21041
23052
918
6532
25167
22401
29692
22902
18521
6153
28434
23660
13810
10699
24846
22212
16044
13266
26541
17728
2270
20354
3864
6867
27069
13588
16887
7256
5701
15906
3171
4512
21093
5834
7055
11620
23706
24029
12301
796
23679
2973
4814
20211
9799
10242
21961
24799
22153
28574
1261
23046
9980
10013
16038
28760
682
830
27452
12195
1719
10965
29250
8749
691
27202
21468
6395
12514
16680
12909
29352
29556
26311
4014
17661
11435
8550
20760
27341
8549
14560
1351
15077
17598
4093
27863
9956
1082
13710
27859
6093
19979
16871
25488
18612
13207
26002
13747
26969
20890
6369
23613
20982
29650
27723
7984
17558
13561
26920
16098
8230
26189
7189
16237
3735
2528
22380
8751
1081
22654
8880
22376
10971
18452
15056
2297
8484
19567
11396
12585
25549
12545
12667
27531
29481
12759
25843
8284
22882
24433
9665
7876
25385
28659
7059
18623
19682
2839
22361
29440
2668
6527
21112
528
1300
29851
11589
2006
8427
793
23581
8850
20439
12065
9258
13997
16577
13379
26828
17910
7580
17278
14285
19875
10817
24725
10342
19286
27246
16795
29331
24613
21412
26552
7581
5412
19882
11212
7883
2079
9265
24011
10825
5508
11019
3854
10551
27225
8542
374
8886
29355
3573
4874
18985
2313
18407
20471
2895
29412
18444
16582
24418
22608
4690
5749
2643
28014
6084
1563
284
3268
2578
25470
8669
3088
18150
5692
29960
9192
6409
15845
19922
21409
2436
1452
13930
20338
10788
11351
28984
8489
22105
26703
11594
8288
4341
9098
17303
23318
13974
9812
15825
19739
24675
12568
24696
12282
13316
12222
2099
8193
5470
9027
20711
18270
29738
12915
27618
2352
30209
3696
7602
14479
17174
28618
29054
15343
19910
22809
23527
3346
19954
22405
19179
7570
3042
538
13985
3745
21683
8185
17007
12305
24225
25959
25845
16861
17977
20151
8782
14734
26353
18937
20096
17745
18296
16370
9440
19852
1530
1035
19196
25162
13622
10415
9714
23800
416
12333
7353
12521
11168
1436
25851
18314
26702
8391
28294
522
28499
899
12963
27011
3361
5208
21954
16575
26854
13996
11173
29231
10195
24152
2195
6325
29621
18340
22707
12691
2928
880
15855
28272
11962
29170
1230
25066
12481
5895
16675
3216
8631
13655
29740
23188
6859
21819
13298
24812
20934
23807
8525
9983
14331
481
28096
7317
28753
17868
29072
14041
29926
11525
27914
5671
14003
15167
8798
21677
17269
6282
18355
9248
10598
7799
19646
13514
1488
19374
19114
18336
6196
3508
3274
7947
9272
15328
17103
21070
5685
21649
15717
2384
20033
4834
19429
9997
14201
26954
27525
15682
14152
20416
17801
10744
16130
3905
10299
22456
20204
2619
8953
25581
21584
648
29376
25549
8728
2680
21799
14750
16222
13227
29440
9580
19847
10399
17087
2339
24121
12669
15854
27321
25817
14849
13450
12173
19379
19517
13439
5887
5629
5018
13089
16550
14323
6485
12581
8492
7516
19213
19297
311
17335
17577
9679
7824
14549
23019
10213
21317
10898
16000
28671
7216
2290
12129
12041
2980
22339
26428
18682
16180
8862
19077
30170
4551
25812
4058
1263
1986
7960
7336
13169
1266
16731
11359
29556
11818
23264
10923
14692
4086
9920
25248
8616
5204
17581
4167
27443
18465
42
13974
19074
28407
5998
13545
2822
25186
13430
21537
3781
25945
23322
8676
4492
6018
8296
1148
627
12668
17391
11684
185
23412
13310
7831
10996
12434
19590
16247
22153
12042
9527
21633
8364
28398
27759
16126
2957
2146
12855
13510
6136
8347
13596
27651
19237
24832
6059
4359
16924
20685
28182
18986
13795
4355
27536
21335
23347
5481
13591
3869
4080
29333
7378
27416
1440
6541
10634
15738
12821
15409
9586
9658
15073
14587
3684
17573
17801
21520
16141
7537
13425
27075
3210
9713
16645
8636
13056
7487
20376
19679
27645
26165
25724
2569
10234
23474
17524
27309
21103
16481
29303
1398
15879
5419
30049
119
24804
11473
11633
8294
15319
6921
14457
11426
16600
27570
18349
25339
26065
1343
22464
20226
24709
29807
28832
9123
11540
27696
25861
9442
29328
21750
19353
26664
7975
30083
27393
15895
19301
27723
1244
24289
11059
7614
3058
20187
2759
1323
14436
19448
13811
10372
17103
7484
8777
1363
24404
9972
11165
3209
26911
12096
18936
6005
13715
4961
25047
7273
19460
21594
28046
3789
9749
4659
26021
20326
9957
8842
24584
6190
13503
26679
7602
17752
27000
3456
6649
17532
14535
27167
5086
9382
11396
4240
23068
2442
22545
27880
7561
3578
21542
24224
17260
12413
9814
706
16207
3097
20318
26409
18942
9846
19964
11860
22943
5666
9054
4205
7941
1142
20267
23106
18932
2508
7296
21250
3554
28948
16164
19105
507
13067
10379
19278
28541
14513
27772
2229
5967
15866
4258
27447
5453
18591
23694
24645
10217
20825
25247
2661
1173
22883
14796
13575
8267
30154
29435
19087
25119
24608
23838
23427
24611
14160
25120
22096
17494
1604
89
28235
21849
24509
19319
8112
5488
61
698
27819
11808
28787
1721
24882
16101
29964
21595
8160
25260
22729
4886
12848
23113
12204
23380
1475
21851
5072
22917
29639
21293
13075
26357
28216
8567
10721
25000
11585
12188
502
2293
952
25112
3464
11601
3102
28280
16180
22993
28043
7009
5306
18631
24138
27002
14569
114
15996
10432
2724
2980
28482
23651
15281
9243
13160
21945
1506
27239
29295
5676
21240
8071
8242
6767
10879
27158
13304
10163
2424
26102
27141
29212
17504
28603
19601
13525
12210
16908
14161
11175
12306
24945
12410
20361
9510
14654
12120
15354
11641
25218
1330
18508
12265
21490
6930
27971
3651
9218
18259
12947
26133
19468
21470
23594
22302
27978
10563
28349
13226
19907
1656
18051
28119
27565
11915
4283
4609
9278
2548
4701
10833
4412
12887
13628
25103
5601
23465
2007
18714
16150
13626
29095
17984
15148
11949
11173
20915
25522
14531
16645
581
22867
3915
2286
20650
12511
29211
8450
15389
11092
22073
1755
3938
6683
6407
23499
11734
13562
2036
6953
13292
28379
12269
20397
19575
6684
5697
11487
26795
18253
5918
347
6541
10603
14132
6807
26743
9384
23581
13669
13216
18830
19294
16595
24772
29936
2072
19076
28182
7329
1487
5720
20321
14665
8927
26796
14369
21922
26449
8340
26154
9427
20425
11745
6747
29718
25026
19774
26744
2873
22425
3556
13907
27631
11088
28659
5360
27789
17243
20642
28138
3170
24082
17405
25024
14740
7808
16574
26989
26983
7100
21110
27225
4119
18668
2752
13196
11665
15948
22482
27635
15191
15704
19391
6095
14043
20739
19588
10864
13247
2756
8430
9875
19909
29863
9400
20586
4601
8766
20866
17578
8079
20527
26915
19542
16663
22468
2207
27135
10920
4396
23989
24051
25540
3930
22643
9601
4313
14267
20521
19755
24289
17168
1563
28757
4738
6343
13676
22389
13985
23240
25091
7227
11907
20731
30183
25861
19711
12073
25654
20110
23055
14624
15731
4885
3662
27064
24707
9973
27502
15160
26170
5049
6598
1999
23813
1304
2409
26084
3974
24070
17334
21124
25331
19548
14514
7869
23808
13905
24914
29017
1205
14071
12510
26858
8086
214
16967
5229
7395
24525
7464
25637
29026
13686
22293
24498
4191
15568
2092
8838
16683
9632
25594
16108
14793
927
21531
16105
25242
27124
27078
22145
27394
12903
23977
21104
3121
13160
25063
1943
11361
28976
3650
29028
19980
29616
2098
28336
3386
23085
6808
14485
10642
6244
21690
9161
25726
6420
17179
22837
16999
28070
25907
10223
539
29004
28298
12265
25916
5749
20065
10174
265
14931
11321
25967
9916
17973
29095
25321
25759
11435
22573
29940
9647
20339
29381
9337
6128
26488
13257
2114
6275
27051
10917
3912
18885
25663
19587
11967
6093
425
21875
5734
17580
6738
14235
9493
27990
20257
19686
26299
9447
6733
7481
20963
26804
14063
28209
20788
9859
5671
24828
18760
18339
1488
1430
3089
27593
12964
14109
29960
18000
11700
29825
14250
22399
21703
26157
13917
4776
17404
26456
12170
27420
14900
24194
3519
5922
8464
1622
3819
9247
11185
8889
16704
25640
3859
26007
27642
23275
12777
19892
16778
26975
16556
18414
15850
6930
5740
12187
4635
12774
4414
15115
29118
29192
14141
6292
7298
16596
24456
7442
28634
30099
15870
4111
14452
6218
26370
23899
19020
1435
19600
5450
11743
7927
27576
24634
17679
11824
12669
29706
20757
23870
18218
25392
21492
24075
553
15978
12754
29534
240
22764
29366
19949
2343
2705
25895
19120
19843
27464
11740
5070
20271
23208
16837
16192
14770
12022
15375
414
18368
27643
16712
8182
2121
21307
2878
6792
22457
26647
15003
16046
1275
5802
10743
27056
22099
7344
20928
2424
24451
24846
2170
19375
4102
25591
11747
8295
23551
22368
19594
11658
15047
7370
12791
7497
16124
16644
2227
1134
16891
15905
21410
29735
21781
5323
26103
13611
27739
7811
16966
11386
23387
20120
20845
30004
14108
20288
10440
12656
22332
14409
21347
2589
25471
3482
25387
21530
10056
5813
26377
23403
14462
10807
17046
20254
30110
4960
18055
2993
21241
10051
7087
9992
28787
7469
25919
20471
22112
21193
23454
15493
8161
7345
4688
27021
882
26900
12088
5494
9651
18923
5456
5749
22944
22529
29575
19005
25358
30105
3043
13607
28222
6903
283
3475
17618
16016
22297
8142
19779
22440
6789
20958
553
28375
6968
21297
14147
9430
7747
14223
20223
9016
23292
8351
7580
21294
4218
6858
30133
16880
2809
8977
13798
5807
11926
4687
17872
6180
12489
9811
26311
29198
12948
3482
10836
29952
16731
28617
3584
16543
16948
22732
13674
25062
28211
22994
3257
10868
13947
27120
3621
17943
18349
12616
23941
10236
21758
5722
11618
8533
7518
18204
11744
19808
27995
7919
27086
21304
11750
13590
26454
22270
7797
29270
21753
11908
411
1531
27724
28421
7844
9794
26588
19054
15152
20854
13171
28573
13415
6426
3705
27682
24535
22751
25844
13109
26948
29306
28048
17592
23427
29359
9291
25015
13796
21902
4990
21351
27674
4415
6888
11714
25746
6593
1115
20459
2948
3355
15906
22964
25889
19894
11653
1767
26625
12471
15370
15611
6164
17743
22291
25347
10031
21758
8482
23558
26695
27169
20076
9193
23174
8776
18914
15529
18590
12069
13425
15722
23026
30111
4716
13155
8742
3788
19591
6014
18326
28044
18409
10683
20718
885
24420
8352
18664
27967
28143
21947
23299
1572
7857
10594
20997
23720
16964
13033
18504
7805
6310
19154
4782
22343
12108
11255
7948
7285
21329
26945
7965
11268
575
11970
22917
13179
3887
21432
27362
27140
19478
7585
17863
2267
11838
27792
6224
19340
15541
18525
18389
19874
12711
28395
9870
25445
25998
11075
14705
27037
29265
9906
4012
25265
17213
9706
28501
23958
2789
14876
9739
11263
17279
6702
12346
18541
25097
9872
8598
21904
19772
13847
29852
26291
10382
20517
10395
1970
802
18627
4867
14310
15271
24880
27103
1800
24919
13685
4827
16080
27446
27750
21645
8125
3947
14153
8065
8344
4114
10239
23341
15489
28370
5149
24406
19158
12131
5989
3642
27966
1144
12189
13466
15616
21734
18855
14303
20875
28908
4268
28903
7891
16006
3652
26924
26379
1908
1495
11417
12257
22255
19631
29424
15983
11499
23577
7688
103
19842
7994
5495
2994
7543
4318
7446
9409
16642
24784
9679
12472
4336
568
7491
18470
17286
4881
27611
13837
246
6385
22628
13486
29403
14143
26621
5583
6980
21024
5877
13764
27688
6404
24848
631
493
26753
6552
5340
6405
26980
22652
13931
13013
17143
19920
22672
3930
25478
8209
2471
24969
25755
6874
17375
13769
10345
12830
11806
30225
30004
8126
10775
27124
8803
3019
9828
2211
10978
28854
5088
23602
18038
17768
8386
27299
10274
7986
1082
29536
2622
22080
28192
20700
16182
20848
8973
2651
13909
14637
21966
4209
22725
28200
20133
23803
28771
2479
1512
3913
23278
15131
27307
16918
27347
29894
2290
17457
27581
8283
23547
25595
11620
10793
23601
7786
11020
20252
25742
21348
23797
4774
28616
13203
8674
17780
9273
15716
19657
9067
26563
15687
2319
3318
1184
15071
9841
20567
6969
14593
6772
25820
2411
21077
14214
24974
15818
24368
17218
21655
21686
9172
25118
3425
4748
14379
16816
12970
11109
8905
25844
24010
2411
8393
19406
6545
26376
3398
3354
23546
6017
29652
555
26204
30058
26172
14886
9378
8248
21369
20450
5869
27707
9798
16355
23992
7713
12114
26382
30139
11146
