0
4
5
8
11
15
16
20
45
46
68
69
70
74
75
81
96
97
99
130
133
142
152
153
174
189
190
203
204
212
220
221
225
226
227
230
233
242
243
244
245
248
253
256
258
266
292
293
295
296
301
305
306
310
321
329
332
335
336
351
352
353
357
358
359
360
372
377
380
384
387
388
400
401
403
406
407
416
417
418
419
420
421
426
427
429
434
435
437
442
444
465
466
468
474
475
479
481
484
495
496
503
504
505
506
507
508
518
529
530
537
538
539
540
546
551
555
560
1
2
6
7
9
12
13
14
17
18
21
24
27
30
32
34
41
43
44
47
55
56
57
59
60
63
66
67
72
79
83
90
92
94
100
101
102
104
107
108
109
110
111
112
116
123
125
126
129
132
138
139
140
143
144
145
147
148
150
151
154
160
161
162
163
164
165
166
167
168
171
175
177
178
181
184
185
188
191
196
197
198
200
205
209
210
213
214
215
216
217
218
219
222
229
232
235
236
237
238
239
240
255
260
261
263
264
265
267
268
272
273
274
276
279
280
282
284
288
297
298
302
304
309
311
312
315
316
317
318
319
322
324
326
327
328
330
331
333
334
337
338
341
344
350
361
362
363
364
366
367
376
381
386
389
391
394
395
398
399
405
408
409
411
413
414
415
422
423
431
432
433
440
443
445
446
448
449
450
453
454
455
458
461
462
467
470
471
472
476
477
482
483
486
487
494
497
498
501
502
510
511
513
515
516
517
521
535
536
541
542
543
547
548
550
552
553
565
78