0
2
7
11
14
15
16
17
20
21
24
27
32
41
43
46
55
56
60
66
68
69
70
72
75
78
81
90
92
97
99
100
102
109
110
116
123
125
133
139
142
143
144
145
148
150
151
154
160
161
163
166
171
177
181
184
188
189
190
196
197
198
200
209
210
214
215
216
217
222
225
226
229
233
235
236
237
238
239
243
244
248
253
264
267
268
272
274
276
279
280
282
284
296
297
302
306
309
315
318
324
326
327
328
329
333
357
358
359
361
362
367
380
381
384
387
389
391
400
401
405
406
407
408
409
411
415
417
418
420
421
422
423
426
427
429
432
433
435
444
449
450
453
461
466
471
479
483
487
494
496
502
503
504
505
508
510
513
515
517
518
530
536
538
540
541
542
546
550
565
