1761
5670
5287
8355
2602
1242
3134
7734
2623
868
3509
8343
2303
4843
7147
4914
2745
5711
6843
4428
4413
3704
1746
5427
5712
3254
6932
6357
1237
7109
8954
897
5236
6913
3544
3972
8191
7319
3927
5048
7187
544
2274
3291
3439
2843
1871
6161
7739
2288
3614
3025
5495
1472
2547
4567
5647
1747
6231
8632
6053
51
7643
3826
1860
4268
210
4410
4990
1913
6750
5235
3774
9111
7716
5570
5435
3111
8822
4600
94
7692
5313
5106
2202
8574
8474
4230
9227
493
1317
5140
2519
3262
6128
8687
4082
1152
5024
4612
7770
7323
7412
1272
4754
7473
1658
133
6107
8774
564
3631
2129
3018
2181
8806
6891
363
1511
7604
8960
460
4253
7747
3493
2680
3935
6255
5391
6418
4953
7958
6842
3168
2362
9260
5590
6222
5220
1224
8370
2532
6196
3791
4649
8536
1495
514
2448
4835
1676
1989
5031
9012
5531
3858
8258
8354
6205
1952
8977
7881
8315
5459
2875
3809
4045
1403
6541
7429
4291
1924
1884
5161
757
1831
2919
2343
762
9229
6254
8124
7311
5175
8375
2432
2273
1148
5964
1301
6879
2052
2630
4954
1468
5510
3609
5686
7685
8090
4808
5378
8794
3242
5548
2707
5268
6542
2870
4935
5556
3379
5211
3368
6721
2696
9230
6962
768
3936
577
4593
8358
6493
2649
9203
2813
871
6330
3947
1900
5327
8114
983
8563
3386
7241
3102
8116
8763
5779
6835
7546
4448
951
4399
7877
8308
5680
1082
6931
558
6093
3547
763
9035
2139
7964
2725
4842
2397
3456
9232
8665
2577
1732
8586
2383
9117
4160
3280
3794
6129
2601
3071
9379
9067
8967
4647
9454
5497
7880
6634
3905
1220
985
1218
8066
6795
7526
8992
3125
5196
513
4292
2462
8886
4800
7025
9206
255
2723
3690
2418
3640
5701
3746
1803
718
463
250
1334
378
3442
5297
3532
1045
582
8545
4172
7237
6237
8143
5583
3952
4014
5685
5131
167
7230
1232
1966
5469
2131
993
4779
9251
2625
8195
2437
3043
7530
336
1614
5267
9305
4255
2876
8815
760
5799
4096
4758
8778
8891
3602
8395
5963
5462
5011
4544
2372
986
4034
5167
4352
3839
1434
8
3171
6091
6361
3748
753
3353
4958
2179
4254
3888
3473
2338
2447
8854
2931
215
8483
5155
7740
3494
7748
8972
3133
8027
7324
9080
2854
5492
656
1002
5341
4132
5763
973
6440
8996
3662
6871
7421
1143
5047
5669
8211
3502
8631
3496
3498
7952
2600
3725
9352
7397
424
1223
3430
6117
2672
2503
8754
4897
1795
5162
2374
6496
9252
394
7229
8578
6937
6135
7949
7702
4946
5315
1469
2205
9082
1709
2906
1043
2915
5104
2270
3536
5042
2474
8633
9220
2688
5065
7774
7410
6043
6230
1841
5676
3575
4093
3316
3579
9458
511
3490
8296
12
3618
7627
4075
1014
8141
5839
2396
3084
6030
1941
9398
9130
627
5457
5474
2157
8672
3705
4233
3461
1508
5800
3392
5045
5943
4556
23209
10834
15342
29189
22332
10742
22023
21434
16760
27197
28064
22713
21721
26133
21532
10815
11599
26789
23153
21752
9815
17579
12411
22114
18377
21537
12174
14579
25778
30139
28716
25694
18279
22037
18742
11207
17591
19556
14794
16674
22687
27118
14437
16819
10913
26051
17469
13444
29944
9872
27285
23463
24664
14964
25526
26000
13745
27562
17338
25262
10486
27812
13331
18884
16262
13595
16532
23237
11321
17371
10662
11322
27885
16927
25184
29739
10907
30044
24953
13940
28295
22599
15411
29938
29929
20638
10052
10021
14203
26006
18459
13992
21711
23253
14828
10877
18472
18223
24675
11871
29297
18086
14506
29591
15168
19848
16127
10883
10922
16919
10235
26885
21715
23371
27479
10101
29975
12732
28551
27704
22140
25110
28392
18180
11498
14286
17915
9912
21044
13977
22243
25060
17063
23416
29924
30135
25760
10430
11051
18918
26049
11917
14459
22911
26878
28668
10988
14978
14023
27310
10114
23779
19479
11838
12695
23587
24909
22549
21904
22221
17479
20002
20819
17124
28067
25764
27676
28553
15780
14998
25713
16937
9659
26263
30105
12553
18364
23384
23265
14992
17896
13684
20157
10653
11565
10983
26011
29971
15041
22597
20138
19644
18465
29397
24475
18322
28224
20384
22966
11533
15084
13974
12673
17459
21470
11964
14958
28117
18452
13413
23452
22608
9973
29782
18663
25342
17584
20103
15620
19874
17407
20461
20224
17361
19554
28886
17365
21881
25199
28967
12664
11272
21746
11040
12989
15074
25705
28806
12400
28881
23174
19634
28717
17428
24999
9730
17560
11191
20593
23785
21452
27244
16147
14652
11829
22271
29221
16280
18717
11907
13390
23579
27163
10720
13561
13610
18606
18913
16075
17448
9562
27503
18833
18919
29233
22500
11759
18040
13228
23519
28569
13435
18928
28586
15513
24395
27805
15502
28226
27281
18896
12095
28332
12523
24385
19676
19285
23728
28730
12030
19987
19975
12602
20849
24760
29138
19390
26308
16095
29726
20078
19663
12356
10666
14107
23156
28058
22355
16962
13489
10138
13397
9823
16667
26414
13769
23000
19387
17433
19271
25100
24407
22872
15075
9734
17638
17398
15382
26032
11293
24451
25722
20272
10789
23980
26527
10892
26663
27746
10978
11066
19813
15802
27824
25782
17160
28398
27050
30051
15320
24454
23014
16064
13368
11154
25894
26496
13349
11253
21531
22483
11157
29007
23911
23061
9999
9780
27081
22646
13219
22871
24233
30096
15751
14275
15381
27268
14906
17309
11714
16232
21462
14514
16503
20235
15842
24901
30020
25892
22577
10315
9967
19448
19059
27859
17934
22692
14192
21981
24638
11009
21303
25365
22970
28296
19011
26939
10027
22752
20139
22388
12829
17220
10871
16940
30189
20985
22728
9752
12805
28447
22772
16658
15634
13406
12342
23895
9630
22785
28532
19214
9957
24968
10980
21664
17368
19082
19004
29200
26785
19799
23565
10286
21890
12623
22383
23879
20489
20551
28769
21702
14075
14891
24234
16297
11347
12077
13667
14822
23052
21334
13628
27313
28225
29884
30071
14443
24509
16303
23065
25717
24587
14338
11213
28731
25303
12405
25130
20483
20579
21843
22031
20794
18776
11975
15251
25133
28207
19580
11908
