853
4163
2205
7050
1354
2890
4223
6982
449
8584
6851
5132
1442
7305
5858
1744
6179
3931
8717
4575
4887
1879
2712
8470
5930
7371
4230
461
2744
6494
783
6874
4394
4403
2682
4542
4589
1192
9252
4807
3717
2287
909
8391
6439
4116
459
2403
8788
4449
1997
8352
3027
5599
384
7046
3324
756
3202
7748
5621
7196
2941
86
3704
2836
7768
3523
6224
7477
3279
5844
8246
1774
6879
8840
1247
188
3155
7401
5574
5774
5553
2335
4622
4081
6193
1962
8750
1125
3325
2324
8586
1648
6953
3402
1809
2820
8310
3126
9415
9501
2163
1953
732
4062
2396
4376
2817
270
5270
3441
5842
3518
2518
4578
799
8015
1984
6557
5884
7888
8866
5610
8022
2991
5119
8331
5332
2942
2076
3943
7871
7874
34
2531
8480
4181
8235
916
4642
430
2238
9425
4683
9355
1369
6689
3798
1406
9315
6745
409
2461
3779
6756
8001
4770
3601
3877
3173
3304
4377
3621
2333
2930
4706
7486
637
4259
3274
2083
5083
7834
3346
3388
9181
4950
3574
2425
2622
4112
8740
9543
2696
7379
4710
8099
5745
5594
7828
4588
1081
9253
7877
1472
5812
3852
4226
2364
401
5462
4627
6669
1547
8376
8451
8723
4414
6055
8127
907
9050
5879
7602
4749
2703
1976
7984
2101
4817
28
1009
9221
4415
2968
4487
8962
7300
6378
7049
5123
152
1910
4677
3722
2530
8449
3714
9488
572
3532
8734
8245
182
7678
2193
1813
3509
1408
895
4359
1232
483
8133
242
1807
7089
740
1642
6121
185
3303
7358
5656
8536
3179
6400
7206
4379
8883
1044
5067
2841
1383
4520
6871
642
8667
7770
6156
8556
5070
6974
8823
1282
6285
2842
8928
183
3953
727
7724
120
1060
4974
1533
5437
8058
9379
6663
3396
5205
2815
3667
8800
5016
2562
3917
5723
7419
3973
7743
6834
1290
7578
7424
5950
2346
3758
3042
6353
7764
1016
1020
1670
1375
7557
4939
4010
1748
6858
7573
7310
9157
5907
6569
8964
1485
8504
5851
3686
259
7129
2357
6861
8814
3114
4412
3600
8560
6128
6544
8419
2431
5986
8919
4299
1471
7116
8423
1772
4261
8335
3235
6533
8400
9180
7637
3025
379
1382
500
7608
2369
6286
2969
6598
3288
5272
4477
7840
2539
2749
7203
4943
9215
8778
4393
2538
5872
8554
4798
7568
8521
4659
6947
8420
807
6928
3055
1037
1528
1443
2543
8472
7381
6004
179
5275
9443
2839
273
1598
3887
3861
6056
4361
2326
6666
9082
4257
7391
1121
7632
3343
460
8627
3659
7035
2560
1082
9314
7359
684
6632
2157
4684
7053
6270
1740
2104
5633
410
8848
421
8340
1459
2279
6050
411
6429
3066
6125
6804
8462
7390
8683
9439
6288
7641
8844
9125
6968
7405
4548
8886
8929
1373
9356
27
750
7571
1850
6891
3272
2808
3912
1615
6231
8445
2821
412
2045
9039
3964
374
9174
2312
2752
9222
2384
3077
1869
802
3109
3253
3584
9295
638
26628
24970
20407
23364
17068
10858
11660
17005
13779
18601
20434
15051
17208
16520
10453
11077
28793
11928
20145
19030
16712
20745
20150
22227
14465
12657
13265
9730
23099
12769
28728
23762
12037
21470
10009
15554
14801
22155
17838
11710
24099
16693
25932
18046
29698
21028
13909
21015
26635
29977
21983
15082
29584
23208
11595
9591
26833
11044
14097
28365
27181
19733
14538
10843
22634
18678
24632
20082
10888
21300
26684
13988
16239
26996
18795
16918
22564
27479
26896
28954
18624
18841
11812
19509
28825
22257
24562
18891
12534
16036
22399
14422
18137
16995
26398
29700
23878
18311
28712
24466
23869
24709
21238
14953
18510
19273
21326
15834
23260
25550
13825
23258
17439
21419
16746
19556
17936
23665
24718
13656
17342
19460
19056
12870
10834
15902
21934
15114
24051
16672
22765
18300
28055
9681
9832
26929
19149
16564
24445
23294
22095
21721
12106
17199
22311
23346
10488
25277
22009
10497
30103
24238
28864
21998
10698
13514
22851
10927
18667
13653
28953
10840
25722
25780
13884
13741
27202
25792
22289
17551
24578
28103
19405
20926
28791
19729
21325
17309
11237
16785
20197
24267
19443
29074
14208
14665
27498
12031
15413
11063
28004
22006
15236
10187
9954
10630
10026
25646
22937
11403
17160
17159
24254
10037
30169
22310
27015
15845
21308
28414
28446
28758
23570
9572
29011
14582
19385
21502
15021
28240
24276
19439
11727
11841
15526
11577
9993
16052
12522
10601
25304
29562
17594
12559
15641
21043
15586
21158
28640
24020
12542
23313
28853
21422
25637
18834
27413
26596
11250
26339
23646
18415
17931
22517
9745
24561
23272
25554
15626
24677
11127
11411
23966
24132
22919
20107
23122
18098
28595
20285
19360
27466
29628
11919
11767
9856
11191
16637
11884
11227
26926
25701
23461
29470
19196
18715
14157
24448
10087
10367
13757
25753
16546
11550
27030
20040
21374
17798
14249
23064
24138
11266
21449
27477
20750
13934
15743
29585
21367
26937
23565
21937
19454
18626
26799
13179
11855
26911
29933
25704
13253
20899
22212
13494
26567
27342
12403
18956
10053
21197
17420
22861
19884
21529
29796
24903
11028
21534
16130
20662
10448
24393
13352
29924
24771
22773
12268
14155
17703
14945
17231
12428
25447
22421
15722
21483
30207
13725
18038
19898
23576
28286
21921
11765
29689
25917
15045
28488
27974
23233
29697
29733
9703
22312
14569
30076
12203
12236
27285
27344
16436
20640
16460
21804
28540
10869
17486
17447
25146
25089
14214
24505
18469
17706
16894
29805
9628
16427
14098
30070
28260
15040
28185
9837
23513
10795
17499
18963
23397
9784
16245
17925
13718
9909
24495
19680
11856
13898
27517
19134
23492
9938
20224
11839
12006
13495
17082
21833
22985
22871
13297
30198
19104
15156
23688
13379
28576
22376
24383
15400
21428
26909
11332
23358
15948
22011
12003
14525
13332
11784
19130
27765
29350
16797
12160
13936
23024
25024
25364
21602
26220
18252
10189
18226
10401
11137
19508
26208
16004
14971
9635
14815
26766
25959
22495
23616
20068
22189
18405
12801
18040
21632
10022
25154
17379
27426
23737
27178
11943
27140
26535
28996
25855
27762
20207
27983
22248
11697
25536
28508