2157
483
4706
4361
3973
2531
1997
1598
7871
684
638
1748
3931
4223
500
3523
7834
2104
9379
5272
9356
7573
8015
86
7305
7571
1471
6669
3798
2991
8886
1459
2101
7310
2968
1020
909
3346
1009
3155
9253
3042
5574
2364
8740
460
6953
4116
4627
1247
3343
783
4710
2560
7768
5842
5774
3202
5016
1850
6756
740
8245
6125
2163
7359
2543
7984
2193
1016
8420
8556
4112
5907
3235
1472
3253
3114
2045
6270
2369
6745
6288
5986
750
5594
7390
1547
4622
2312
7358
4163
7419
2425
5930
6439
4749
9039
2890
637
8883
411
2820
3574
7203
9222
2076
4950
7578
7046
4377
9125
8058
1408
8310
1406
2326
4770
8022
5723
5119
3852
5437
6121
9082
7053
5610
4415
4376
8445
9443
1081
8554
8723
8586
6050
3402
7116
9180
2333
120
1082
6055
8584
9425
1442
8536
7557
7206
27
7828
3953
4230
1373
4542
4575
907
5812
9157
9181
6632
1443
3722
2821
8964
2703
7424
756
9215
7401
4359
8683
3441
5462
4259
2682
6804
6834
4520
6285
1740
4683
1232
410
3077
2538
459
2942
8480
6128
4412
6851
4226
2205
2431
802
7764
4578
6879
1060
3509
3714
8778
1910
3621
4974
9543
9221
8866
4548
270
8001
8848
8331
5950
6286
4261
2346
5067
2279
1615
4642
259
2539
9355
8246
2712
7568
1369
8928
7608
8235
3964
1375
2836
7840
4379
1533
2335
8462
7888
7874
7877
5553
7405
7602
8472
3717
1807
7486
26926
26567
25932
11710
10927
20068
28540
18469
11839
16036
14155
14098
23272
21374
12428
20745
13825
16995
21721
29796
11191
21325
23492
30103
10795
26535
23346
9832
11595
15641
13495
20145
22189
22095
14953
19898
10888
13494
19405
9591
19508
16546
21449
17160
29585
27466
23570
26684
22227
13265
29698
17342
15021
10858
24254
23358
30076
17798
27202
28953
24393
22009
22564
23233
13297
27015
22773
11250
13936
11077
24505
11063
15626
30070
11928
24020
15948
27181
26596
10367
25364
27498
20434
24383
23878
23064
17925
16460
14525
27030
15722
28103
19680
12160
17439
21534
25550
11137
9730
24709
23869
11727
24632
23294
28508
22765
25146
24903
18715
26628
15845
19149
17082
26833
21300
23364
17486
23208
24578
23565
24771
11784
12203
26937
11884
11812
27762
16797
17068
14801
18624
25722
23513
22634
22257
16052
10834
28793
27983
16918
10488
28286
18311
12106
16520
13352
29011
20899
23665
11855
29074
21983
24445
18626
21428
22495
23966
9856
20407
13909
17231
23024
24495
14971
11028
9909
12870
29584
21422
19729
21028
21937
21804
13757
27517
18601
12003
22919
23122
13741
28185
17005
21197
29697
17703
19273
11227
11919
25704
19884
20082
11550
14582
9784
25701
19134
28728
19509
22155
28488
18405
20197
29689
23616
11237
18795
10840
27413
28576
28864
11841
25780
15413
13725
21934
11856
22517
20224
18252
11697
14422
28414
29628
10053
18956
19360
18046
16239
19030
29924
16672
18963
28825
26799
22871
20207
17208
25646
19454
21308
17379
27285
13718
24051
28640
17499
24276
18415
29700
17199
