6776
839
289
7645
2605
2456
2348
1218
7632
775
7089
9380
5761
635
6288
4233
320
293
683
2237
2419
5262
6330
9417
5949
1795
7509
6911
7258
9046
4215
2273
4571
6220
2670
14
7814
1507
7233
8881
3130
7953
1498
8717
3109
9189
8729
3610
704
3321
3184
8501
2585
365
4711
5689
994
3537
554
5791
2761
6610
6474
3405
6044
1781
516
7770
2399
2718
9183
8688
774
7562
7687
4644
3436
1536
3480
3311
2125
2591
531
1626
5670
9238
7324
4713
7016
2601
8100
2985
449
9542
8805
2867
3826
8022
509
2175
6952
5287
5152
3802
7232
6170
1055
6900
7188
3523
6425
5347
4947
4880
6682
5263
8041
8651
1948
1732
9456
4937
2502
2462
6846
7172
8457
8107
542
5279
6650
7732
6422
2823
7219
8167
1748
3738
7043
8141
1051
9261
7930
3765
3879
4865
1077
2918
6122
7375
1255
9194
5183
5731
0
4729
2497
8976
7044
445
1274
2711
6540
3846
1742
2858
2828
6009
6043
3266
8779
6366
7565
7060
8924
4528
7623
498
140
3747
1238
227
8272
4472
4924
208
3092
8417
1700
1599
917
9205
350
5319
6316
824
2685
1727
444
5366
5856
594
2550
8103
3052
4875
2835
9231
2446
2433
110
9157
4299
5028
4305
4598
7598
7423
7760
4439
907
7015
8201
7915
2909
4030
6300
1994
5763
329
4183
5982
1163
21454
19700
27030
14528
12905
14443
19365
10586
17313
29591
25544
15418
28267
26181
8083
23378
24691
16545
14791
14679
22699
21034
13535
20386
14579
17299
21183
30020
11577
20804
22992
12535
10813
25289
22720
10101
12027
27476
16125
14396
19700
21704
21590
15407
19537
11276
27463
19180
9639
19365
16718
21130
17327
28602
23023
25365
27174
14188
29783
17396
15418
11172
23277
27760
26907
17861
25344
27911
23310
21547
22132
22606
14273
25073
22333
11630
14612
11442
23384
27467
19666
13161
23227
28435
10586
23784
20382
22495
25189
16698
15277
23015
16213
26068
19453
13328
17560
21181
27766
11515
9776
22487
28021
10561
16720
12788
16579
22554
11416
21443
14524
20755
10525
28438
13236
23667
13576
23214
15640
20237
16740
18828
13829
17616
24781
18248
22695
9729
18321
17267
23082
18263
10919
23378
24700
24142
26805
19426
28338
13457
28164
17605
12674
14443
18559
17979
19132
27118
16516
13301
10448
10782
27030
29070
10254
26418
26860
21512
27279
26054
20558
18578
26981
18905
22026
18834
10233
15395
27685
13794
25879
16688
25760
24681
22196
18232
29716
15114
25878
12017
18882
18330
25263
25995
17796
22869
16054
24436
25713
15964
29591
23276
20458
28472
20122
23368
11725
18749
14320
20417
25544
22069
21454
27706
24852
25562
21068
10502
14528
28065
25939
24144
15901
19175
17351
26140
22437
28454
12954
23273
12425
18844
21746
17313
25290
29869
15234
19274
12905
23928
15902
30187
7589
6663
23445
4076
26058
27326
6062
22129
10097
23506
3477
9536
6942
5750
8692
9326
26243
13915
7245
24511
21286
14009
17342
6347
8551
6339
7795
27646
25375
5717
15643
2413
24331
29166
1811
