2601
5964
255
3725
8960
6931
4990
3494
7643
2519
7770
3111
9220
6795
8027
2707
8090
2649
8258
4096
9080
4954
3631
3291
4556
6205
897
5686
9260
3316
6542
1900
5427
8308
4352
5669
4268
2547
5590
4428
6418
2696
5045
8354
3858
6230
5583
7748
8563
7324
13628
12732
21664
20103
21746
19663
24638
15074
15342
28551
13610
30135
29397
18180
16532
30044
23911
29233
23014
20638
28731
13940
24407
10720
26878
28296
26011
12077
11907
23587
10988
10430
14891
23237
17638
10662
18459
11838
16064
13992
22871
23265
26263
17433
30071
24664
19556
27503
9957
11498
